*************************************************
******************* ORCA 6.1.0 ******************
*************************************************
$Calculation_Status
   &GeometryIndex 1
   &version [&Type "String"] "6.1.0"
   &progName [&Type "String"] "LeanSCF"
   &Status [&Type "String"] "NORMAL TERMINATION"
$End
$Geometry
   &GeometryIndex 1
   &NAtoms [&Type "Integer"] 37
   &NCorelessECP [&Type "Integer"] 0
   &NGhostAtoms [&Type "Integer"] 0
   &CartesianCoordinates [&Type "Coordinates", &Dim(37,4), &Units "Bohr"] 
              C     -1.500713552047   -0.302295653560    1.926090398784
              O     -0.096496147220    1.358855098392    2.827534608524
              Mg     2.120922378824    3.629916743289    0.506106634852
              Br     1.530143894857    8.074940769906    1.134173090294
              C      3.563765616287    0.755342336400   -1.840008670940
              C      3.966767028190   -1.705425949648   -0.885525637819
              C      3.630478184555    0.998799442527   -4.494186613858
              C      4.377426902975   -3.793255836299   -2.458080338485
              H      3.937914755521   -2.040181778963    1.160981225432
              C      4.020989041839   -1.070800577632   -6.098949822267
              H      3.331252995328    2.854551815614   -5.367232781080
              C      4.389720934278   -3.481447733000   -5.083039241306
              H      4.687685168802   -5.667363605074   -1.638676146489
              H      4.033427596712   -0.803504441134   -8.150145245105
              H      4.698869732956   -5.103316475994   -6.326546915370
              C     -2.482320945675    0.049980834076   -0.675546680457
              C     -2.358962831469   -1.914903591881   -2.458841039073
              C     -3.201072706928    2.494046428345   -1.449518012183
              C     -2.907416985166   -1.425002982658   -4.988072712680
              H     -1.687594916521   -3.778211634135   -1.890575748843
              C     -3.799420518474    2.955325450915   -3.973586371922
              H     -3.300790161667    4.027038602961   -0.066569616863
              C     -3.635613503328    0.999620070256   -5.745221236958
              H     -2.716396654322   -2.933679393177   -6.382638266304
              H     -4.367306644606    4.850812439585   -4.560360460374
              H     -4.055234685865    1.374017521680   -7.732034080912
              C     -2.079757385210   -2.592645787177    3.403643058926
              C     -4.170443004843   -4.134500021136    2.830065015141
              C     -0.518184918247   -3.213823439796    5.467972772641
              C     -4.671645829940   -6.274868460288    4.284300425650
              H     -5.419691264949   -3.630485563760    1.269933881959
              C     -1.013584107826   -5.363243337927    6.900101175484
              H      1.085037264037   -1.991171280937    5.899595539656
              C     -3.089295493518   -6.896721798040    6.307657486532
              H     -6.303882413859   -7.458892397191    3.843717175135
              H      0.215620591099   -5.854178106602    8.484039794502
              H     -3.476972278499   -8.582887383992    7.435330348353
$End
$SCF_Mulliken_Population_Analysis
   &GeometryIndex 1
   &NAtoms [&Type "Integer"] 37
   &ATNO [&Type "ArrayOfIntegers", &Dim (37,1)] 
                                                         0

0                                                        6
1                                                        8
2                                                       12
3                                                       35
4                                                        6
5                                                        6
6                                                        6
7                                                        6
8                                                        1
9                                                        6
10                                                       1
11                                                       6
12                                                       1
13                                                       1
14                                                       1
15                                                       6
16                                                       6
17                                                       6
18                                                       6
19                                                       1
20                                                       6
21                                                       1
22                                                       6
23                                                       1
24                                                       1
25                                                       1
26                                                       6
27                                                       6
28                                                       6
29                                                       6
30                                                       1
31                                                       6
32                                                       1
33                                                       6
34                                                       1
35                                                       1
36                                                       1
   &AtomicCharges [&Type "ArrayOfDoubles", &Dim (37,1)] 
                                                         0

0                                      2.5926792827074419e-01
1                                     -3.2991680572521709e-01
2                                      5.1554816335264597e-01
3                                     -3.6016242827364664e-01
4                                     -2.1195266897230969e-01
5                                     -3.5451034893417166e-02
6                                     -2.4596303026649835e-02
7                                      1.7615163330083838e-02
8                                     -3.4495671950876883e-02
9                                      2.1925851488670212e-02
10                                    -2.0419845118729407e-02
11                                    -2.3099083764375195e-03
12                                    -3.6931388974457358e-02
13                                    -3.4727130688426255e-02
14                                    -3.0140259696321836e-02
15                                    -4.0642378996560424e-02
16                                     5.0141644486528136e-02
17                                    -2.0326536249488214e-02
18                                     3.4103626298696454e-02
19                                     4.1846097161697404e-03
20                                     3.4120335027539639e-02
21                                     4.3543767273529044e-02
22                                     3.8245534109558221e-02
23                                    -2.0599566007644121e-03
24                                     6.8102813283303920e-03
25                                     1.6344500255172090e-04
26                                     2.9388748629211037e-02
27                                     1.8254144891090007e-03
28                                     1.7232916034126688e-02
29                                     1.9312685322227630e-02
30                                     6.3692681230018700e-03
31                                     2.7736743961575883e-02
32                                     1.2402078938952510e-02
33                                     4.2991895582375150e-02
34                                    -2.1615395101728385e-03
35                                     1.5139461993840531e-04
36                                     3.2123616677545153e-03
   &Method [&Type "String"] "SCF"
   &Level [&Type "String"] "Relaxed density"
   &Mult [&Type "Integer"] 1
   &State [&Type "Integer"] -1
   &Irrep [&Type "Integer"] 0
$End
$SCF_Loewdin_Population_Analysis
   &GeometryIndex 1
   &NAtoms [&Type "Integer"] 37
   &ATNO [&Type "ArrayOfIntegers", &Dim (37,1)] 
                                                         0

0                                                        6
1                                                        8
2                                                       12
3                                                       35
4                                                        6
5                                                        6
6                                                        6
7                                                        6
8                                                        1
9                                                        6
10                                                       1
11                                                       6
12                                                       1
13                                                       1
14                                                       1
15                                                       6
16                                                       6
17                                                       6
18                                                       6
19                                                       1
20                                                       6
21                                                       1
22                                                       6
23                                                       1
24                                                       1
25                                                       1
26                                                       6
27                                                       6
28                                                       6
29                                                       6
30                                                       1
31                                                       6
32                                                       1
33                                                       6
34                                                       1
35                                                       1
36                                                       1
   &AtomicCharges [&Type "ArrayOfDoubles", &Dim (37,1)] 
                                                         0

0                                      1.9328603550539381e-01
1                                     -5.3304368318613626e-02
2                                     -2.9215679923839666e-01
3                                      2.4611276917340774e-02
4                                     -1.6692818077862270e-01
5                                     -2.4180770284478292e-02
6                                     -8.3405506415443753e-03
7                                     -4.2513358947653401e-02
8                                      1.8338363264169155e-02
9                                     -3.6005330264668345e-02
10                                     2.4555308301474787e-02
11                                    -4.2781186841239105e-02
12                                     1.7671966123229965e-02
13                                     1.8737321784446981e-02
14                                     1.9536874427206086e-02
15                                    -4.0437982776983183e-02
16                                     2.1853733188331503e-02
17                                     2.5490721419641815e-02
18                                    -4.4991968164902474e-03
19                                     3.5682386408873112e-02
20                                    -6.7699306161728146e-04
21                                     6.5538103074455401e-02
22                                     5.9206629747841077e-03
23                                     3.5096046589320751e-02
24                                     3.8922727417040504e-02
25                                     3.4511539131112601e-02
26                                    -5.9067679882127244e-02
27                                     1.0295332707404903e-02
28                                     2.6960341781764541e-02
29                                    -2.0277995476597255e-02
30                                     3.5352481505511291e-02
31                                    -1.6419242062064576e-02
32                                     4.0571385916068015e-02
33                                     9.7986200201427565e-03
34                                     3.4357109503319938e-02
35                                     3.5400396269714585e-02
36                                     3.5100901160210474e-02
   &Method [&Type "String"] "SCF"
   &Level [&Type "String"] "Relaxed density"
   &Mult [&Type "Integer"] 1
   &State [&Type "Integer"] -1
   &Irrep [&Type "Integer"] 0
$End
$SCF_Mayer_Population_Analysis
   &GeometryIndex 1
   &NAtoms [&Type "Integer"] 37 "Total number of atoms"
   &NBondOrdersPrint [&Type "Integer"] 39 "The number of bond orders larger than threshold"
   &bondThresh [&Type "Double"]       1.0000000000000001e-01  "The threshold for printing"
   &components [&Type "ArrayOfIntegers", &Dim (39,4)] "The indices and atomic numbers of the bonding atoms"
                                                         0                           1                           2                           3

0                                                        0                           6                           1                           8
1                                                        0                           6                          15                           6
2                                                        0                           6                          26                           6
3                                                        1                           8                           2                          12
4                                                        2                          12                           3                          35
5                                                        2                          12                           4                           6
6                                                        4                           6                           5                           6
7                                                        4                           6                           6                           6
8                                                        5                           6                           7                           6
9                                                        5                           6                           8                           1
10                                                       6                           6                           9                           6
11                                                       6                           6                          10                           1
12                                                       7                           6                          11                           6
13                                                       7                           6                          12                           1
14                                                       9                           6                          11                           6
15                                                       9                           6                          13                           1
16                                                      11                           6                          14                           1
17                                                      15                           6                          16                           6
18                                                      15                           6                          17                           6
19                                                      16                           6                          18                           6
20                                                      16                           6                          19                           1
21                                                      17                           6                          20                           6
22                                                      17                           6                          21                           1
23                                                      18                           6                          22                           6
24                                                      18                           6                          23                           1
25                                                      20                           6                          22                           6
26                                                      20                           6                          24                           1
27                                                      22                           6                          25                           1
28                                                      26                           6                          27                           6
29                                                      26                           6                          28                           6
30                                                      27                           6                          29                           6
31                                                      27                           6                          30                           1
32                                                      28                           6                          31                           6
33                                                      28                           6                          32                           1
34                                                      29                           6                          33                           6
35                                                      29                           6                          34                           1
36                                                      31                           6                          33                           6
37                                                      31                           6                          35                           1
38                                                      33                           6                          36                           1
   &BondOrders [&Type "ArrayOfDoubles", &Dim (39,1)] "The bond orders"
                                                         0

0                                      1.7130739349136999e+00
1                                      9.8567175838658883e-01
2                                      1.0379018395161625e+00
3                                      3.7192115948161319e-01
4                                      1.0622230173995661e+00
5                                      7.6184808236521318e-01
6                                      1.3798225791149974e+00
7                                      1.3772096964103713e+00
8                                      1.4071833379810590e+00
9                                      9.5968698527694662e-01
10                                     1.3974134253351109e+00
11                                     9.7079000772027602e-01
12                                     1.3766193600802481e+00
13                                     9.7981019313136253e-01
14                                     1.3826212789911740e+00
15                                     9.8094760355275545e-01
16                                     9.8263447840175489e-01
17                                     1.3511927461937914e+00
18                                     1.3250504347565584e+00
19                                     1.3968151800798023e+00
20                                     9.7736936524956297e-01
21                                     1.3747988923266155e+00
22                                     9.7094989736035431e-01
23                                     1.3746186357226449e+00
24                                     9.8186737895361687e-01
25                                     1.3674839374835877e+00
26                                     9.8508889018771451e-01
27                                     9.8673323815804181e-01
28                                     1.3436920589836960e+00
29                                     1.3345312283875994e+00
30                                     1.3853300660282122e+00
31                                     9.8127900984745875e-01
32                                     1.3856827368229614e+00
33                                     9.8902313469138348e-01
34                                     1.3799418447135681e+00
35                                     9.8369078537248400e-01
36                                     1.3572018196826146e+00
37                                     9.8655657358651383e-01
38                                     9.8540076281051814e-01
   &ATNO [&Type "ArrayOfIntegers", &Dim (37,1)] "Atomic number of the elements"
                                                         0

0                                                        6
1                                                        8
2                                                       12
3                                                       35
4                                                        6
5                                                        6
6                                                        6
7                                                        6
8                                                        1
9                                                        6
10                                                       1
11                                                       6
12                                                       1
13                                                       1
14                                                       1
15                                                       6
16                                                       6
17                                                       6
18                                                       6
19                                                       1
20                                                       6
21                                                       1
22                                                       6
23                                                       1
24                                                       1
25                                                       1
26                                                       6
27                                                       6
28                                                       6
29                                                       6
30                                                       1
31                                                       6
32                                                       1
33                                                       6
34                                                       1
35                                                       1
36                                                       1
   &NA [&Type "ArrayOfDoubles", &Dim (37,1)] "Mulliken gross atomic population"
                                                         0

0                                      5.7407320717292585e+00
1                                      8.3299168057252153e+00
2                                      1.1484451836647352e+01
3                                      3.5360162428273689e+01
4                                      6.2119526689723052e+00
5                                      6.0354510348934118e+00
6                                      6.0245963030266507e+00
7                                      5.9823848366699144e+00
8                                      1.0344956719508764e+00
9                                      5.9780741485113271e+00
10                                     1.0204198451187290e+00
11                                     6.0023099083764384e+00
12                                     1.0369313889744562e+00
13                                     1.0347271306884263e+00
14                                     1.0301402596963216e+00
15                                     6.0406423789965595e+00
16                                     5.9498583555134701e+00
17                                     6.0203265362494864e+00
18                                     5.9658963737013000e+00
19                                     9.9581539028383137e-01
20                                     5.9658796649724595e+00
21                                     9.5645623272647073e-01
22                                     5.9617544658904444e+00
23                                     1.0020599566007649e+00
24                                     9.9318971867166961e-01
25                                     9.9983655499744817e-01
26                                     5.9706112513707890e+00
27                                     5.9981745855108954e+00
28                                     5.9827670839658733e+00
29                                     5.9806873146777724e+00
30                                     9.9363073187699802e-01
31                                     5.9722632560384215e+00
32                                     9.8759792106104749e-01
33                                     5.9570081044176240e+00
34                                     1.0021615395101728e+00
35                                     9.9984860538006182e-01
36                                     9.9678763833224515e-01
   &ZA [&Type "ArrayOfDoubles", &Dim (37,1)] "Total nuclear charge"
                                                         0

0                                      6.0000000000000000e+00
1                                      8.0000000000000000e+00
2                                      1.2000000000000000e+01
3                                      3.5000000000000000e+01
4                                      6.0000000000000000e+00
5                                      6.0000000000000000e+00
6                                      6.0000000000000000e+00
7                                      6.0000000000000000e+00
8                                      1.0000000000000000e+00
9                                      6.0000000000000000e+00
10                                     1.0000000000000000e+00
11                                     6.0000000000000000e+00
12                                     1.0000000000000000e+00
13                                     1.0000000000000000e+00
14                                     1.0000000000000000e+00
15                                     6.0000000000000000e+00
16                                     6.0000000000000000e+00
17                                     6.0000000000000000e+00
18                                     6.0000000000000000e+00
19                                     1.0000000000000000e+00
20                                     6.0000000000000000e+00
21                                     1.0000000000000000e+00
22                                     6.0000000000000000e+00
23                                     1.0000000000000000e+00
24                                     1.0000000000000000e+00
25                                     1.0000000000000000e+00
26                                     6.0000000000000000e+00
27                                     6.0000000000000000e+00
28                                     6.0000000000000000e+00
29                                     6.0000000000000000e+00
30                                     1.0000000000000000e+00
31                                     6.0000000000000000e+00
32                                     1.0000000000000000e+00
33                                     6.0000000000000000e+00
34                                     1.0000000000000000e+00
35                                     1.0000000000000000e+00
36                                     1.0000000000000000e+00
   &QA [&Type "ArrayOfDoubles", &Dim (37,1)] "Mulliken gross atomic charge"
                                                         0

0                                      2.5926792827074152e-01
1                                     -3.2991680572521531e-01
2                                      5.1554816335264775e-01
3                                     -3.6016242827368927e-01
4                                     -2.1195266897230525e-01
5                                     -3.5451034893411837e-02
6                                     -2.4596303026650723e-02
7                                      1.7615163330085615e-02
8                                     -3.4495671950876439e-02
9                                      2.1925851488672876e-02
10                                    -2.0419845118728963e-02
11                                    -2.3099083764384076e-03
12                                    -3.6931388974456247e-02
13                                    -3.4727130688426255e-02
14                                    -3.0140259696321614e-02
15                                    -4.0642378996559536e-02
16                                     5.0141644486529913e-02
17                                    -2.0326536249486438e-02
18                                     3.4103626298700007e-02
19                                     4.1846097161686302e-03
20                                     3.4120335027540527e-02
21                                     4.3543767273529266e-02
22                                     3.8245534109555557e-02
23                                    -2.0599566007648562e-03
24                                     6.8102813283303920e-03
25                                     1.6344500255183192e-04
26                                     2.9388748629211037e-02
27                                     1.8254144891045598e-03
28                                     1.7232916034126688e-02
29                                     1.9312685322227630e-02
30                                     6.3692681230019810e-03
31                                     2.7736743961578547e-02
32                                     1.2402078938952510e-02
33                                     4.2991895582376038e-02
34                                    -2.1615395101728385e-03
35                                     1.5139461993818326e-04
36                                     3.2123616677548483e-03
   &VA [&Type "ArrayOfDoubles", &Dim (37,1)] "Mayer's total valence"
                                                         0

0                                      3.8405093494813811e+00
1                                      2.2112891186719739e+00
2                                      2.4785273849780989e+00
3                                      1.0992678463169838e+00
4                                      3.5735143461467835e+00
5                                      3.9373574145057386e+00
6                                      3.9217571010089101e+00
7                                      3.8451532381181970e+00
8                                      9.7192572773404062e-01
9                                      3.8442042630848703e+00
10                                     9.7140656110513257e-01
11                                     3.8339227143740171e+00
12                                     9.7383508920687312e-01
13                                     9.7457710804407149e-01
14                                     9.7482484798541269e-01
15                                     3.7675444472327468e+00
16                                     3.8749329282571967e+00
17                                     3.8527806708532868e+00
18                                     3.8727380996129552e+00
19                                     1.0045128995092181e+00
20                                     3.8369222116345623e+00
21                                     9.9474052669625534e-01
22                                     3.8310245244872703e+00
23                                     9.8361127011526173e-01
24                                     9.8054511123321131e-01
25                                     9.7914580247292760e-01
26                                     3.7772686356105720e+00
27                                     3.8363650562841149e+00
28                                     3.8471083667652088e+00
29                                     3.8472036545435304e+00
30                                     9.9707253343159719e-01
31                                     3.8166625965189627e+00
32                                     9.9446329606127326e-01
33                                     3.8253081836056628e+00
34                                     9.7995102521098365e-01
35                                     9.8017992324746095e-01
36                                     9.7894819116670129e-01
   &BVA [&Type "ArrayOfDoubles", &Dim (37,1)] "Mayer's bonded valence"
                                                         0

0                                      3.8405093494813629e+00
1                                      2.2112891186720098e+00
2                                      2.4785273849780722e+00
3                                      1.0992678463169909e+00
4                                      3.5735143461468302e+00
5                                      3.9373574145057786e+00
6                                      3.9217571010089363e+00
7                                      3.8451532381182139e+00
8                                      9.7192572773403363e-01
9                                      3.8442042630848996e+00
10                                     9.7140656110514834e-01
11                                     3.8339227143740309e+00
12                                     9.7383508920687711e-01
13                                     9.7457710804407582e-01
14                                     9.7482484798541513e-01
15                                     3.7675444472328108e+00
16                                     3.8749329282572744e+00
17                                     3.8527806708533161e+00
18                                     3.8727380996130094e+00
19                                     1.0045128995092285e+00
20                                     3.8369222116345814e+00
21                                     9.9474052669626212e-01
22                                     3.8310245244873213e+00
23                                     9.8361127011527905e-01
24                                     9.8054511123321197e-01
25                                     9.7914580247293737e-01
26                                     3.7772686356105369e+00
27                                     3.8363650562841047e+00
28                                     3.8471083667652222e+00
29                                     3.8472036545434984e+00
30                                     9.9707253343159519e-01
31                                     3.8166625965189587e+00
32                                     9.9446329606126727e-01
33                                     3.8253081836056060e+00
34                                     9.7995102521098632e-01
35                                     9.8017992324746717e-01
36                                     9.7894819116668064e-01
   &FA [&Type "ArrayOfDoubles", &Dim (37,1)] "Mayer's free valence"
                                                         0

0                                      0.0000000000000000e+00
1                                      0.0000000000000000e+00
2                                      0.0000000000000000e+00
3                                      0.0000000000000000e+00
4                                      0.0000000000000000e+00
5                                      0.0000000000000000e+00
6                                      0.0000000000000000e+00
7                                      0.0000000000000000e+00
8                                      0.0000000000000000e+00
9                                      0.0000000000000000e+00
10                                     0.0000000000000000e+00
11                                     0.0000000000000000e+00
12                                     0.0000000000000000e+00
13                                     0.0000000000000000e+00
14                                     0.0000000000000000e+00
15                                     0.0000000000000000e+00
16                                     0.0000000000000000e+00
17                                     0.0000000000000000e+00
18                                     0.0000000000000000e+00
19                                     0.0000000000000000e+00
20                                     0.0000000000000000e+00
21                                     0.0000000000000000e+00
22                                     0.0000000000000000e+00
23                                     0.0000000000000000e+00
24                                     0.0000000000000000e+00
25                                     0.0000000000000000e+00
26                                     0.0000000000000000e+00
27                                     0.0000000000000000e+00
28                                     0.0000000000000000e+00
29                                     0.0000000000000000e+00
30                                     0.0000000000000000e+00
31                                     0.0000000000000000e+00
32                                     0.0000000000000000e+00
33                                     0.0000000000000000e+00
34                                     0.0000000000000000e+00
35                                     0.0000000000000000e+00
36                                     0.0000000000000000e+00
   &Method [&Type "String"] "SCF"
   &Level [&Type "String"] "Relaxed density"
   &Mult [&Type "Integer"] 1
   &State [&Type "Integer"] -1
   &Irrep [&Type "Integer"] 0
$End
$SCF_Energy
   &GeometryIndex 1
   &Method [&Type "String"] "SCF"
   &totalEnergy [&Type "ArrayOfDoubles", &Dim (1,1)] "Total energy of each state"
                                                         0

0                                     -3.5810116317950833e+03
   &Mult [&Type "ArrayOfIntegers", &Dim (1,1)] "Multiplicity of each state"
                                                         0

0                                                        1
$End
$DFT_Energy
   &GeometryIndex 1
   &nAlphaEl [&Type "Integer"] 91
   &nBetaEl [&Type "Integer"] 91
   &nTotalEl [&Type "Integer"] 183
   &finalEn [&Type "Double"]      -3.5810116317950833e+03  "No Van der Waals correction"
   &eExchange [&Type "Double"]      -1.7287912828146023e+02
   &eCorr [&Type "Double"]      -7.9714355985654253e+00
   &eXC [&Type "Double"]      -1.8085056388002565e+02
   &eCNL [&Type "Double"]       0.0000000000000000e+00
$End
$SCF_Timings
   &GeometryIndex 1
   &TOTAL [&Type "Double"]       9.3215878000000004e+01
   &PREP [&Type "Double"]       3.3815000000000001e-01
   &FOCK [&Type "Double"]       8.8336873999999995e+01
   &DENS [&Type "Double"]       1.8940499999997940e-01
   &ETOT [&Type "Double"]       9.9767999999995638e-02
   &POP [&Type "Double"]       7.1951999999996019e-02
   &TRAFO [&Type "Double"]       1.7848899999998835e-01
   &DIIS [&Type "Double"]       7.4156200000000716e-01
   &SOSCF [&Type "Double"]       6.0054499999997724e-01
   &XC [&Type "Double"]       9.3674920000000181e+00
   &FOCKSTART [&Type "Double"]       2.1252999999975264e-02
   &INT_PREP [&Type "Double"]       5.9999999884041699e-06
   &INT_BF [&Type "Double"]       2.5949580000003731e+00
   &INT_DENS [&Type "Double"]       2.0776009999998308e+00
   &INT_DENSIO [&Type "Double"]       3.4234805225800053e+05
   &INT_FUNC [&Type "Double"]       2.7686400000001754e-01
   &INT_POT [&Type "Double"]       2.0581980000001376e+00
   &INT_POTIO [&Type "Double"]       6.7205999999893962e-02
   &INT_SUM [&Type "Double"]       6.6599999996341808e-04
   &SPLITRIJ [&Type "Double"]       1.0599428000000017e+01
   &COSX [&Type "Double"]       7.0846681000000004e+01
$End
$VdW_Correction
   &GeometryIndex 1
   &vdW [&Type "Double"]      -9.7804617719575451e-02
$End
$Single_Point_Data
   &GeometryIndex 1
   &FinalEnergy [&Type "Double"]      -3.5811094364128030e+03  "Final single point energy"
   &Converged [&Type "Boolean"] true
$End
$SCF_Nuc_Gradient
   &GeometryIndex 1
   &NAtoms [&Type "Integer"] 37
   &gradNorm [&Type "Double"]       1.0169495272471412e-03
   &grad [&Type "ArrayOfDoubles", &Dim (111,1)] 
                                                         0

0                                     -7.1807118948640853e-06
1                                     -3.9468973991909012e-05
2                                      1.5900607069467879e-04
3                                     -4.1831082277268367e-04
4                                     -3.3289650209480920e-04
5                                     -2.0387946706555021e-04
6                                      9.7496996210188537e-05
7                                      1.9758799547974491e-04
8                                      9.3621510293906201e-05
9                                      2.7270420245065262e-04
10                                     1.2043159500656382e-04
11                                    -4.1958647175972114e-04
12                                     5.2739996383832210e-05
13                                     1.0700462279147595e-04
14                                     2.7112248875138577e-04
15                                    -2.9764840925468198e-05
16                                    -2.1580865954821271e-05
17                                    -2.8032287694645117e-05
18                                     1.0263811246912055e-04
19                                     5.8768649770363901e-05
20                                    -4.5962326628540056e-05
21                                    -1.2572278839261897e-04
22                                    -4.3007121215845158e-05
23                                     8.5796842292244920e-05
24                                    -4.5221570323058006e-05
25                                     4.2297900274594218e-05
26                                     1.3100673196800571e-05
27                                     5.6353426837556491e-06
28                                     4.4842243368435703e-05
29                                     2.9306723820786830e-05
30                                     2.4259811073395403e-06
31                                     3.3391461202697770e-05
32                                     3.3301812925234247e-05
33                                    -1.3606019128913505e-05
34                                    -1.5163606660966393e-04
35                                    -4.2319347657553380e-05
36                                     4.4320140836289661e-05
37                                     2.1803087467535203e-05
38                                    -1.0435647905055376e-05
39                                     4.9516158432200618e-06
40                                     1.3991569696134680e-05
41                                    -3.0988369936832817e-05
42                                     1.6121108328238893e-05
43                                     3.7923735577525305e-05
44                                     5.9784243002587896e-06
45                                    -5.2399863522065659e-05
46                                    -1.0424165581025482e-04
47                                    -2.9356945234864252e-05
48                                    -7.1265245964449372e-05
49                                     1.7325993209118358e-05
50                                     2.4278869910307932e-05
51                                    -2.9108380091112955e-05
52                                     1.5383346342113902e-05
53                                     1.9474002090729293e-05
54                                    -2.9274626982124887e-05
55                                     5.6549942996979795e-07
56                                     6.9109983824279183e-05
57                                     7.0518626859785967e-05
58                                    -8.2459419883636545e-07
59                                     4.8564281408991234e-05
60                                    -2.2465720705419114e-05
61                                     5.3722883960798410e-05
62                                     2.4538792952507856e-05
63                                     1.9617102676783293e-05
64                                     1.6378311452996123e-05
65                                     7.2708424314290080e-05
66                                    -1.1089811540565737e-04
67                                     3.4927626052251299e-06
68                                     5.8483899678919921e-05
69                                     2.3566228556947793e-05
70                                    -4.2227949420241333e-05
71                                    -4.6046960070956599e-05
72                                    -1.4104011297146621e-05
73                                     9.6903020849477381e-06
74                                    -1.8113563443882745e-05
75                                     3.4582725777939716e-05
76                                     5.2470010002111231e-06
77                                    -2.0184139857078415e-05
78                                     1.7236078116855040e-04
79                                     5.4744436863218685e-05
80                                    -7.7039425767772051e-05
81                                    -8.1376840425873074e-05
82                                     3.4196602291990163e-05
83                                    -4.6071161198890729e-05
84                                     5.8264781648250062e-05
85                                     2.0314549366109877e-05
86                                     1.8545769917732778e-05
87                                    -9.7978726329011614e-05
88                                    -5.2019172950770558e-05
89                                    -6.4400521116676144e-05
90                                     7.6414078675942298e-05
91                                     7.0946575090161698e-05
92                                     2.2121989095307259e-05
93                                     4.3721141329839227e-05
94                                    -6.1965891983070150e-05
95                                     9.9339751891679119e-05
96                                     5.5196800333352628e-05
97                                    -2.2928243302422474e-05
98                                    -2.7828257709021310e-05
99                                    -4.1563302859572499e-05
100                                   -9.6114599169104585e-05
101                                    2.6628182449071560e-05
102                                    3.2690135520530169e-05
103                                    2.2438019168159279e-05
104                                    5.3768703912886629e-06
105                                   -2.3895961768899778e-05
106                                   -2.4633143425888739e-05
107                                   -6.7737699460218537e-06
108                                    2.8171666763082292e-05
109                                   -8.9428309569944398e-06
110                                   -6.3386721823715104e-05
   &Method [&Type "String"] "SCF"
   &Level [&Type "String"] "Relaxed density"
   &Mult [&Type "Integer"] 1
   &State [&Type "Integer"] 0
   &Irrep [&Type "Integer"] 0
$End
$Calculation_Info
   &GeometryIndex 1
   &Mult [&Type "Integer"] 1
   &Charge [&Type "Integer"] 0
   &NumOfAtoms [&Type "Integer"] 37
   &NumOfElectrons [&Type "Integer"] 184
   &NumOfBasisFuncts [&Type "Integer"] 405
   &NumOfAuxCBasisFuncts [&Type "Integer"] 0
   &NumOfAuxJBasisFuncts [&Type "Integer"] 1259
   &NumOfAuxJKBasisFuncts [&Type "Integer"] 0
   &NumOfCABSBasisFuncts [&Type "Integer"] 0
$End
$SCF_Dipole_Moment
   &GeometryIndex 1
   &dipoleMagnitude [&Type "Double", &Units "a.u."]       3.4653300731764940e+00
   &dipoleElecContrib [&Type "ArrayOfDoubles", &Dim (3,1)] "Electronic contribution"
                                                         0

0                                      1.0703574285066301e+01
1                                      5.6606944671976727e+01
2                                      1.2931767346667790e+01
   &dipoleNucContrib [&Type "ArrayOfDoubles", &Dim (3,1)] "Nuclear contribution"
                                                         0

0                                     -1.2619675639301791e+01
1                                     -5.9488727739487985e+01
2                                     -1.2751782713535590e+01
   &dipoleTotal [&Type "ArrayOfDoubles", &Dim (3,1)] "Total"
                                                         0

0                                     -1.9161013542354901e+00
1                                     -2.8817830675112575e+00
2                                      1.7998463313220014e-01
   &doAtomicDipole [&Type "Boolean"] false
   &Method [&Type "String"] "SCF"
   &Level [&Type "String"] "Relaxed density"
   &Mult [&Type "Integer"] 1
   &State [&Type "Integer"] -1
   &Irrep [&Type "Integer"] 0
$End
$Calculation_Timings
   &GeometryIndex 1
   &GTOINT [&Type "Double"]       5.0510630000000001e+00
   &SCF [&Type "Double"]       9.5861555000000010e+01
   &SCFGRAD [&Type "Double"]       2.5340291000000008e+01
   &PROP [&Type "Double"]       5.0419800000000237e-01
   &SUM [&Type "Double"]       1.2675710700000002e+02
$End
