*************************************************
******************* ORCA 6.1.0 ******************
*************************************************
$Calculation_Status
   &GeometryIndex 1
   &version [&Type "String"] "6.1.0"
   &progName [&Type "String"] "LeanSCF"
   &Status [&Type "String"] "NORMAL TERMINATION"
$End
$Geometry
   &GeometryIndex 1
   &NAtoms [&Type "Integer"] 27
   &NCorelessECP [&Type "Integer"] 0
   &NGhostAtoms [&Type "Integer"] 0
   &CartesianCoordinates [&Type "Coordinates", &Dim(27,4), &Units "Bohr"] 
              C      0.058493161238    1.786978089789    0.888378965772
              C      0.995332866816    3.936883116007   -0.629881223403
              O      0.173707486396    4.311401551077    1.907517560324
              H      1.541938423091    0.482821801474    1.559134087711
              H     -0.313784947340    4.742226494991   -2.038068215313
              C     -2.492741887266    0.684678522723    0.460539692195
              C     -4.693307459551    2.149588512924    0.659509889604
              C     -2.673338537410   -1.888472175148   -0.180533007759
              C     -7.059568239200    1.073432046721    0.188735037381
              H     -4.508692814290    4.131387503218    1.211435054911
              C     -5.047486731400   -2.945527025605   -0.652633997476
              H     -0.922100977427   -3.009575575407   -0.296865761230
              C     -7.243920048429   -1.478905442144   -0.475869727979
              H     -8.769667729683    2.226945754199    0.351309687808
              H     -5.183991560486   -4.946957540109   -1.156438598489
              H     -9.095725556949   -2.325238441437   -0.842412302554
              C      3.775896339640    4.255324124818   -1.164954915412
              H      4.885958388495    2.908887765150   -0.031308905847
              H      4.156966235367    3.853156028888   -3.175334965606
              H      4.381704007619    6.216033068452   -0.777572265016
              O      2.702020622185   -4.430424019032   -0.595830588938
              C      4.690550177243   -3.307342466766    0.018230578534
              O      4.929798945884   -1.306417887722    1.282788280180
              C      7.209881602129   -4.490245525163   -0.936403944507
              H      7.986966180828   -3.301467423081   -2.467364683809
              H      8.626107625694   -4.507826342726    0.593260293895
              H      6.919226719546   -6.416547401929   -1.669482506840
$End
$SCF_Mulliken_Population_Analysis
   &GeometryIndex 1
   &NAtoms [&Type "Integer"] 27
   &ATNO [&Type "ArrayOfIntegers", &Dim (27,1)] 
                                                         0

0                                                        6
1                                                        6
2                                                        8
3                                                        1
4                                                        1
5                                                        6
6                                                        6
7                                                        6
8                                                        6
9                                                        1
10                                                       6
11                                                       1
12                                                       6
13                                                       1
14                                                       1
15                                                       1
16                                                       6
17                                                       1
18                                                       1
19                                                       1
20                                                       8
21                                                       6
22                                                       8
23                                                       6
24                                                       1
25                                                       1
26                                                       1
   &AtomicCharges [&Type "ArrayOfDoubles", &Dim (27,1)] 
                                                         0

0                                      1.0577693065952065e-01
1                                      4.7492567407417141e-02
2                                     -2.9827761965216837e-01
3                                      4.1926495192125213e-02
4                                      1.7391771319016591e-02
5                                      5.6097076258433631e-02
6                                     -8.7250249673802571e-03
7                                     -7.1619396789790457e-03
8                                      2.6362091036762791e-02
9                                     -6.5954430826600241e-03
10                                     1.9032106716185382e-02
11                                    -2.4973073671912260e-03
12                                     3.4042344283776949e-02
13                                    -1.0053457507874342e-02
14                                    -8.2571484691993380e-03
15                                    -7.7281688092258882e-03
16                                     7.7843563427218321e-02
17                                     2.9241990722630895e-02
18                                     1.5971419017612232e-02
19                                     2.7342189986269472e-02
20                                    -2.8232396523066328e-01
21                                     1.3225870117682081e-01
22                                    -1.7294080427193492e-01
23                                     1.5724649757828502e-02
24                                     5.4374392592885901e-02
25                                     4.7549395204672606e-02
26                                     5.6133194278198406e-02
   &Method [&Type "String"] "SCF"
   &Level [&Type "String"] "Relaxed density"
   &Mult [&Type "Integer"] 2
   &State [&Type "Integer"] -1
   &Irrep [&Type "Integer"] 0
$End
$SCF_Loewdin_Population_Analysis
   &GeometryIndex 1
   &NAtoms [&Type "Integer"] 27
   &ATNO [&Type "ArrayOfIntegers", &Dim (27,1)] 
                                                         0

0                                                        6
1                                                        6
2                                                        8
3                                                        1
4                                                        1
5                                                        6
6                                                        6
7                                                        6
8                                                        6
9                                                        1
10                                                       6
11                                                       1
12                                                       6
13                                                       1
14                                                       1
15                                                       1
16                                                       6
17                                                       1
18                                                       1
19                                                       1
20                                                       8
21                                                       6
22                                                       8
23                                                       6
24                                                       1
25                                                       1
26                                                       1
   &AtomicCharges [&Type "ArrayOfDoubles", &Dim (27,1)] 
                                                         0

0                                      8.0618547854194311e-02
1                                      7.4837570283694532e-02
2                                     -1.4777272426139731e-01
3                                      3.3605548758003034e-02
4                                      1.5905817480965867e-02
5                                     -2.0174727054773633e-02
6                                     -1.2240957361686178e-02
7                                     -1.6751307788647196e-03
8                                     -2.0696319217015535e-02
9                                      3.0508952860399230e-02
10                                    -1.9683395871475717e-02
11                                     3.2605375300216011e-02
12                                    -7.2115130320042908e-03
13                                     3.0080374914789654e-02
14                                     3.1224892318990838e-02
15                                     3.0026410608368415e-02
16                                    -6.1004346898112516e-02
17                                     3.2144604514320885e-02
18                                     3.2946852922044800e-02
19                                     3.4916577946721983e-02
20                                    -2.2949912212508750e-01
21                                     4.4909017952277530e-02
22                                    -7.9130956773665773e-02
23                                    -4.2357487110597170e-02
24                                     4.8599111918055882e-02
25                                     4.1641782746525413e-02
26                                     4.6875242105220427e-02
   &Method [&Type "String"] "SCF"
   &Level [&Type "String"] "Relaxed density"
   &Mult [&Type "Integer"] 2
   &State [&Type "Integer"] -1
   &Irrep [&Type "Integer"] 0
$End
$SCF_Mayer_Population_Analysis
   &GeometryIndex 1
   &NAtoms [&Type "Integer"] 27 "Total number of atoms"
   &NBondOrdersPrint [&Type "Integer"] 30 "The number of bond orders larger than threshold"
   &bondThresh [&Type "Double"]       1.0000000000000001e-01  "The threshold for printing"
   &components [&Type "ArrayOfIntegers", &Dim (30,4)] "The indices and atomic numbers of the bonding atoms"
                                                         0                           1                           2                           3

0                                                        0                           6                           1                           6
1                                                        0                           6                           2                           8
2                                                        0                           6                           3                           1
3                                                        0                           6                           5                           6
4                                                        1                           6                           2                           8
5                                                        1                           6                           4                           1
6                                                        1                           6                          16                           6
7                                                        3                           1                          22                           8
8                                                        5                           6                           6                           6
9                                                        5                           6                           7                           6
10                                                       6                           6                           8                           6
11                                                       6                           6                           9                           1
12                                                       7                           6                          10                           6
13                                                       7                           6                          11                           1
14                                                       8                           6                          12                           6
15                                                       8                           6                          13                           1
16                                                      10                           6                          12                           6
17                                                      10                           6                          14                           1
18                                                      11                           1                          20                           8
19                                                      12                           6                          15                           1
20                                                      16                           6                          17                           1
21                                                      16                           6                          18                           1
22                                                      16                           6                          19                           1
23                                                      20                           8                          21                           6
24                                                      20                           8                          22                           8
25                                                      21                           6                          22                           8
26                                                      21                           6                          23                           6
27                                                      23                           6                          24                           1
28                                                      23                           6                          25                           1
29                                                      23                           6                          26                           1
   &BondOrders [&Type "ArrayOfDoubles", &Dim (30,1)] "The bond orders"
                                                         0

0                                      1.0063881213670018e+00
1                                      9.8351094095248970e-01
2                                      8.7744438777789091e-01
3                                      1.0170185256030693e+00
4                                      9.4000353875811404e-01
5                                      9.3103414154766340e-01
6                                      1.0813804216427869e+00
7                                      1.0085855175517028e-01
8                                      1.3434380271938404e+00
9                                      1.3363707986856241e+00
10                                     1.3849362267381762e+00
11                                     9.8283124071517525e-01
12                                     1.3849673211102635e+00
13                                     9.5911942462394806e-01
14                                     1.3530227714614624e+00
15                                     9.8453283740916131e-01
16                                     1.3580708454236459e+00
17                                     9.8575319369879966e-01
18                                     1.2264391362372042e-01
19                                     9.8540692768269733e-01
20                                     9.4615378955346430e-01
21                                     9.5507612753785331e-01
22                                     9.4734197187957236e-01
23                                     1.8469756740386307e+00
24                                     1.6467997366051410e-01
25                                     1.4725195193718730e+00
26                                     9.3525386014551404e-01
27                                     9.5563433003523501e-01
28                                     9.5867228739247723e-01
29                                     9.6077502724173713e-01
   &ATNO [&Type "ArrayOfIntegers", &Dim (27,1)] "Atomic number of the elements"
                                                         0

0                                                        6
1                                                        6
2                                                        8
3                                                        1
4                                                        1
5                                                        6
6                                                        6
7                                                        6
8                                                        6
9                                                        1
10                                                       6
11                                                       1
12                                                       6
13                                                       1
14                                                       1
15                                                       1
16                                                       6
17                                                       1
18                                                       1
19                                                       1
20                                                       8
21                                                       6
22                                                       8
23                                                       6
24                                                       1
25                                                       1
26                                                       1
   &NA [&Type "ArrayOfDoubles", &Dim (27,1)] "Mulliken gross atomic population"
                                                         0

0                                      5.8942230693404785e+00
1                                      5.9525074325925855e+00
2                                      8.2982776196521630e+00
3                                      9.5807350480787457e-01
4                                      9.8260822868098363e-01
5                                      5.9439029237415646e+00
6                                      6.0087250249673767e+00
7                                      6.0071619396789817e+00
8                                      5.9736379089632372e+00
9                                      1.0065954430826600e+00
10                                     5.9809678932838155e+00
11                                     1.0024973073671917e+00
12                                     5.9659576557162239e+00
13                                     1.0100534575078739e+00
14                                     1.0082571484691993e+00
15                                     1.0077281688092263e+00
16                                     5.9221564365727781e+00
17                                     9.7075800927736933e-01
18                                     9.8402858098238755e-01
19                                     9.7265781001373075e-01
20                                     8.2823239652306615e+00
21                                     5.8677412988231783e+00
22                                     8.1729408042719385e+00
23                                     5.9842753502421733e+00
24                                     9.4562560740711432e-01
25                                     9.5245060479532750e-01
26                                     9.4386680572180137e-01
   &ZA [&Type "ArrayOfDoubles", &Dim (27,1)] "Total nuclear charge"
                                                         0

0                                      6.0000000000000000e+00
1                                      6.0000000000000000e+00
2                                      8.0000000000000000e+00
3                                      1.0000000000000000e+00
4                                      1.0000000000000000e+00
5                                      6.0000000000000000e+00
6                                      6.0000000000000000e+00
7                                      6.0000000000000000e+00
8                                      6.0000000000000000e+00
9                                      1.0000000000000000e+00
10                                     6.0000000000000000e+00
11                                     1.0000000000000000e+00
12                                     6.0000000000000000e+00
13                                     1.0000000000000000e+00
14                                     1.0000000000000000e+00
15                                     1.0000000000000000e+00
16                                     6.0000000000000000e+00
17                                     1.0000000000000000e+00
18                                     1.0000000000000000e+00
19                                     1.0000000000000000e+00
20                                     8.0000000000000000e+00
21                                     6.0000000000000000e+00
22                                     8.0000000000000000e+00
23                                     6.0000000000000000e+00
24                                     1.0000000000000000e+00
25                                     1.0000000000000000e+00
26                                     1.0000000000000000e+00
   &QA [&Type "ArrayOfDoubles", &Dim (27,1)] "Mulliken gross atomic charge"
                                                         0

0                                      1.0577693065952154e-01
1                                      4.7492567407414477e-02
2                                     -2.9827761965216304e-01
3                                      4.1926495192125435e-02
4                                      1.7391771319016369e-02
5                                      5.6097076258435408e-02
6                                     -8.7250249673767044e-03
7                                     -7.1619396789817102e-03
8                                      2.6362091036762791e-02
9                                     -6.5954430826600241e-03
10                                     1.9032106716184494e-02
11                                    -2.4973073671916701e-03
12                                     3.4042344283776060e-02
13                                    -1.0053457507873897e-02
14                                    -8.2571484691993380e-03
15                                    -7.7281688092263323e-03
16                                     7.7843563427221873e-02
17                                     2.9241990722630673e-02
18                                     1.5971419017612454e-02
19                                     2.7342189986269250e-02
20                                    -2.8232396523066150e-01
21                                     1.3225870117682170e-01
22                                    -1.7294080427193848e-01
23                                     1.5724649757826725e-02
24                                     5.4374392592885679e-02
25                                     4.7549395204672495e-02
26                                     5.6133194278198628e-02
   &VA [&Type "ArrayOfDoubles", &Dim (27,1)] "Mayer's total valence"
                                                         0

0                                      3.9330932871764270e+00
1                                      4.0871187980912325e+00
2                                      2.1111163028745605e+00
3                                      1.0457742002989996e+00
4                                      9.8488222652839885e-01
5                                      3.8358553511426696e+00
6                                      3.8353952987862412e+00
7                                      3.7838705973276783e+00
8                                      3.8210801929248772e+00
9                                      1.0026198093854233e+00
10                                     3.8287023761913268e+00
11                                     1.0790256483124108e+00
12                                     3.8124536673562650e+00
13                                     9.7883225151900233e-01
14                                     9.7847526415278085e-01
15                                     9.7795124684982226e-01
16                                     3.9175206296665772e+00
17                                     1.0411634316844480e+00
18                                     9.8794974683616388e-01
19                                     9.8964984858599581e-01
20                                     2.2021035206721074e+00
21                                     4.3419820075332893e+00
22                                     2.3177056801569389e+00
23                                     3.8980812049231828e+00
24                                     9.9349767278420031e-01
25                                     9.9421290766260950e-01
26                                     1.0069585052047374e+00
   &BVA [&Type "ArrayOfDoubles", &Dim (27,1)] "Mayer's bonded valence"
                                                         0

0                                      3.9305289713117588e+00
1                                      4.0867310492851656e+00
2                                      2.1064423878327876e+00
3                                      1.0448841766882180e+00
4                                      9.8487547598710112e-01
5                                      3.8334566906295047e+00
6                                      3.8346256288752296e+00
7                                      3.7822527186052115e+00
8                                      3.8210045336394902e+00
9                                      1.0026161776072964e+00
10                                     3.8284367859037118e+00
11                                     1.0789982373013893e+00
12                                     3.8084676774274087e+00
13                                     9.7883129649899570e-01
14                                     9.7847466294266972e-01
15                                     9.7793795005120199e-01
16                                     3.9175130560071056e+00
17                                     1.0411592983836833e+00
18                                     9.8794969208870531e-01
19                                     9.8964572725173050e-01
20                                     2.1951432578767385e+00
21                                     4.3394471919638207e+00
22                                     2.0543640437058972e+00
23                                     3.8847850010614802e+00
24                                     9.9348544882863099e-01
25                                     9.9419100289413631e-01
26                                     1.0068664490746193e+00
   &FA [&Type "ArrayOfDoubles", &Dim (27,1)] "Mayer's free valence"
                                                         0

0                                      2.5643158646684316e-03
1                                      3.8774880606673445e-04
2                                      4.6739150417729469e-03
3                                      8.9002361078157309e-04
4                                      6.7505412977200002e-06
5                                      2.3986605131648409e-03
6                                      7.6966991101146132e-04
7                                      1.6178787224668811e-03
8                                      7.5659285386886488e-05
9                                      3.6317781268949828e-06
10                                     2.6559028761474757e-04
11                                     2.7411011021393622e-05
12                                     3.9859899288561262e-03
13                                     9.5502000658186093e-07
14                                     6.0121011112405920e-07
15                                     1.3296798620275260e-05
16                                     7.5736594715714034e-06
17                                     4.1333007647446213e-06
18                                     5.4747458563125795e-08
19                                     4.1213342652848817e-06
20                                     6.9602627953688767e-03
21                                     2.5348155694682184e-03
22                                     2.6334163645104169e-01
23                                     1.3296203861702605e-02
24                                     1.2223955569368866e-05
25                                     2.1904768473201414e-05
26                                     9.2056130117987647e-05
   &Method [&Type "String"] "SCF"
   &Level [&Type "String"] "Relaxed density"
   &Mult [&Type "Integer"] 2
   &State [&Type "Integer"] -1
   &Irrep [&Type "Integer"] 0
$End
$SCF_Energy
   &GeometryIndex 1
   &Method [&Type "String"] "SCF"
   &totalEnergy [&Type "ArrayOfDoubles", &Dim (1,1)] "Total energy of each state"
                                                         0

0                                     -6.5171390736610010e+02
   &Mult [&Type "ArrayOfIntegers", &Dim (1,1)] "Multiplicity of each state"
                                                         0

0                                                        2
$End
$DFT_Energy
   &GeometryIndex 1
   &nAlphaEl [&Type "Integer"] 52
   &nBetaEl [&Type "Integer"] 51
   &nTotalEl [&Type "Integer"] 102
   &finalEn [&Type "Double"]      -6.5171390736610010e+02  "No Van der Waals correction"
   &eExchange [&Type "Double"]      -6.8410302736141844e+01
   &eCorr [&Type "Double"]      -4.1043514432695130e+00
   &eXC [&Type "Double"]      -7.2514654179411352e+01
   &eCNL [&Type "Double"]       0.0000000000000000e+00
$End
$SCF_Timings
   &GeometryIndex 1
   &TOTAL [&Type "Double"]       7.3395678000000004e+01
   &PREP [&Type "Double"]       2.3715400000000000e-01
   &FOCK [&Type "Double"]       6.9611216999999996e+01
   &DENS [&Type "Double"]       3.2596199999998987e-01
   &ETOT [&Type "Double"]       1.4460500000000920e-01
   &POP [&Type "Double"]       4.0250000000000341e-02
   &TRAFO [&Type "Double"]       1.1576500000000589e-01
   &DIIS [&Type "Double"]       6.1415200000000025e-01
   &SOSCF [&Type "Double"]       1.2923409999999969e+00
   &XC [&Type "Double"]       1.2173788999999985e+01
   &FOCKSTART [&Type "Double"]       3.1715999999962663e-02
   &INT_PREP [&Type "Double"]       3.0000000066365828e-06
   &INT_BF [&Type "Double"]       2.5492850000002254e+00
   &INT_DENS [&Type "Double"]       3.2430589999996169e+00
   &INT_DENSIO [&Type "Double"]       3.6271218646200059e+05
   &INT_FUNC [&Type "Double"]       5.0133600000014678e-01
   &INT_POT [&Type "Double"]       3.2035790000000324e+00
   &INT_POTIO [&Type "Double"]       1.6312999999976618e-01
   &INT_SUM [&Type "Double"]       1.1710000000193510e-03
   &SPLITRIJ [&Type "Double"]       6.6895379999999953e+00
   &COSX [&Type "Double"]       5.1113770999999986e+01
$End
$VdW_Correction
   &GeometryIndex 1
   &vdW [&Type "Double"]      -4.5309743237721412e-02
$End
$Single_Point_Data
   &GeometryIndex 1
   &FinalEnergy [&Type "Double"]      -6.5175921710933778e+02  "Final single point energy"
   &Converged [&Type "Boolean"] true
$End
$SCF_Nuc_Gradient
   &GeometryIndex 1
   &NAtoms [&Type "Integer"] 27
   &gradNorm [&Type "Double"]       7.6992724977014509e-02
   &grad [&Type "ArrayOfDoubles", &Dim (81,1)] 
                                                         0

0                                      1.3742534357761337e-02
1                                     -1.5382291483483629e-02
2                                      2.1844355996079069e-03
3                                     -5.5452679874128663e-03
4                                     -4.6864148123297129e-03
5                                      4.2650260206552387e-03
6                                      3.1504454609084664e-04
7                                      1.4591442120558453e-02
8                                      2.8661351211433585e-03
9                                     -4.5332235315686037e-03
10                                     4.7915313092724314e-03
11                                    -2.2951451487037075e-03
12                                    -8.9179531845617421e-04
13                                     3.9779956123372844e-04
14                                    -1.2906158064556685e-03
15                                    -7.1585230554969057e-03
16                                     3.6581939483432651e-03
17                                    -3.8596424884941843e-03
18                                     5.0436017005498672e-03
19                                    -3.0252413643204398e-03
20                                    -2.6908755860829219e-03
21                                     1.3952909036502117e-03
22                                     2.9736304331705273e-03
23                                     6.8061267416787662e-04
24                                    -2.6897289834402188e-03
25                                    -4.9628333367882855e-03
26                                    -1.0901574446931716e-03
27                                     7.3345029364573866e-04
28                                     2.7729105550461510e-04
29                                     4.2450204670749892e-04
30                                    -3.7422945207548027e-03
31                                     3.1664536838968849e-03
32                                     2.3177398130646218e-03
33                                     5.2741098616725691e-03
34                                    -8.8853724491889290e-05
35                                    -1.0632806438946633e-03
36                                    -8.2853357752722939e-04
37                                     1.4682952728569917e-03
38                                     2.1746667971928022e-04
39                                    -1.4098830109735756e-03
40                                     3.2487216358282229e-04
41                                     4.3686611468391292e-04
42                                     1.1708982704957234e-05
43                                    -9.3916245424781808e-04
44                                    -2.9520858234023548e-04
45                                    -1.1916705119415874e-03
46                                    -1.7959307785094943e-04
47                                    -6.4513511605470320e-04
48                                     2.0193158921752983e-05
49                                     1.2377137374038720e-03
50                                     1.4424267356239532e-03
51                                    -6.9362481710470172e-04
52                                    -4.6326738593830364e-03
53                                    -1.9523825063684527e-04
54                                     5.1154579832813967e-04
55                                    -3.3567500400405578e-04
56                                    -5.9237498053095711e-04
57                                     4.5914140211338994e-04
58                                     2.1488896584912001e-03
59                                    -3.1700719484340000e-04
60                                    -2.6027598381338113e-02
61                                    -1.4175371318568362e-02
62                                    -6.2101578516688604e-03
63                                     4.1546263763980330e-02
64                                     3.5020010686499167e-02
65                                     1.9799477348988046e-02
66                                    -1.1059516994362480e-02
67                                    -1.1087432526418689e-02
68                                    -6.3246504273335481e-03
69                                    -1.4464946305020864e-02
70                                    -6.0743203881512943e-03
71                                    -3.1262066757467002e-03
72                                     2.9346304596215701e-03
73                                    -6.7588896026743981e-04
74                                    -2.0238946573042575e-03
75                                     1.7747535618060644e-03
76                                     3.1929410021823540e-05
77                                     1.0396680094912239e-03
78                                     6.4743381080492523e-03
79                                    -3.8423006370427774e-03
80                                    -3.6547652443840446e-03
   &Method [&Type "String"] "SCF"
   &Level [&Type "String"] "Relaxed density"
   &Mult [&Type "Integer"] 2
   &State [&Type "Integer"] 0
   &Irrep [&Type "Integer"] 0
$End
$Calculation_Info
   &GeometryIndex 1
   &Mult [&Type "Integer"] 2
   &Charge [&Type "Integer"] 0
   &NumOfAtoms [&Type "Integer"] 27
   &NumOfElectrons [&Type "Integer"] 103
   &NumOfBasisFuncts [&Type "Integer"] 261
   &NumOfAuxCBasisFuncts [&Type "Integer"] 0
   &NumOfAuxJBasisFuncts [&Type "Integer"] 829
   &NumOfAuxJKBasisFuncts [&Type "Integer"] 0
   &NumOfCABSBasisFuncts [&Type "Integer"] 0
$End
$SCF_Dipole_Moment
   &GeometryIndex 1
   &dipoleMagnitude [&Type "Double", &Units "a.u."]       7.8294714822323819e-01
   &dipoleElecContrib [&Type "ArrayOfDoubles", &Dim (3,1)] "Electronic contribution"
                                                         0

0                                     -5.2186918453155622e+00
1                                     -7.8886194413885435e-01
2                                      3.9201955719774069e+00
   &dipoleNucContrib [&Type "ArrayOfDoubles", &Dim (3,1)] "Nuclear contribution"
                                                         0

0                                      5.3899840619003490e+00
1                                      8.6831745336991517e-01
2                                     -4.6800324199264942e+00
   &dipoleTotal [&Type "ArrayOfDoubles", &Dim (3,1)] "Total"
                                                         0

0                                      1.7129221658478677e-01
1                                      7.9455509231060817e-02
2                                     -7.5983684794908735e-01
   &doAtomicDipole [&Type "Boolean"] false
   &Method [&Type "String"] "SCF"
   &Level [&Type "String"] "Relaxed density"
   &Mult [&Type "Integer"] 2
   &State [&Type "Integer"] -1
   &Irrep [&Type "Integer"] 0
$End
$Calculation_Timings
   &GeometryIndex 1
   &GTOINT [&Type "Double"]       2.6449259999999999e+00
   &SCF [&Type "Double"]       7.5022772000000003e+01
   &SCFGRAD [&Type "Double"]       1.3203721999999999e+01
   &PROP [&Type "Double"]       4.4980600000000948e-01
   &SUM [&Type "Double"]       9.1321226000000010e+01
$End
