*************************************************
******************* ORCA 6.1.0 ******************
*************************************************
$Calculation_Status
   &GeometryIndex 1
   &version [&Type "String"] "6.1.0"
   &progName [&Type "String"] "LeanSCF"
   &Status [&Type "String"] "NORMAL TERMINATION"
$End
$Geometry
   &GeometryIndex 1
   &NAtoms [&Type "Integer"] 37
   &NCorelessECP [&Type "Integer"] 0
   &NGhostAtoms [&Type "Integer"] 0
   &CartesianCoordinates [&Type "Coordinates", &Dim(37,4), &Units "Bohr"] 
              C     -2.240525198366   -0.962993644462   -1.172273808207
              O     -0.939682486038    1.310158709704   -0.734818226474
              Mg     0.085226581484    1.666682694619    2.616194126480
              Br     1.741622961896    3.332096911408    6.407938534612
              C     -0.962796867253   -2.471335942107   -3.304029479351
              C     -1.344818134003   -5.075281970058   -3.617615132574
              C      0.537982338528   -1.181713104622   -5.058574527193
              C     -0.246317867720   -6.364197816944   -5.642257498477
              H     -2.494059793401   -6.122848555298   -2.260087097878
              C      1.631059662370   -2.465822550131   -7.091649807398
              H      0.825798721253    0.841284542676   -4.791457872256
              C      1.245012794692   -5.061322926128   -7.391522464088
              H     -0.554624636633   -8.396297538430   -5.850939316227
              H      2.792283449393   -1.431262482570   -8.452000674498
              H      2.102179984508   -6.067783744507   -8.978559541927
              C     -4.971169444293   -0.429242709360   -2.027797589742
              C     -6.815906349682   -2.332841849501   -2.088710905785
              C     -5.619306261614    1.998318208709   -2.848899878515
              C     -9.260843218467   -1.814456166163   -2.932462496421
              H     -6.351168877435   -4.241597501735   -1.456612367600
              C     -8.064790872125    2.519796214218   -3.706558146966
              H     -4.168196814584    3.460880852365   -2.803453393614
              C     -9.895741738341    0.619275013088   -3.747278532259
              H    -10.677502301270   -3.318162696318   -2.954634122217
              H     -8.539660624652    4.426087498655   -4.346366944821
              H    -11.808633608154    1.026481773539   -4.411265698532
              C     -2.155083133889   -2.380575025946    1.388941697569
              C     -4.006524439427   -1.939040711407    3.256157815647
              C      0.042764994678   -3.725980787777    2.089119248487
              C     -3.680129200563   -2.833433523571    5.726159184432
              H     -5.712305349982   -0.892829652607    2.754617551219
              C      0.356879299223   -4.614405061216    4.560209724445
              H      1.499071114051   -4.078217324204    0.669763792253
              C     -1.503224528415   -4.174418051733    6.385543168429
              H     -5.134748221734   -2.460333070408    7.142909074110
              H      2.073442116021   -5.646557027930    5.060896906266
              H     -1.243443341336   -4.850489485231    8.317596381973
$End
$SCF_Mulliken_Population_Analysis
   &GeometryIndex 1
   &NAtoms [&Type "Integer"] 37
   &ATNO [&Type "ArrayOfIntegers", &Dim (37,1)] 
                                                         0

0                                                        6
1                                                        8
2                                                       12
3                                                       35
4                                                        6
5                                                        6
6                                                        6
7                                                        6
8                                                        1
9                                                        6
10                                                       1
11                                                       6
12                                                       1
13                                                       1
14                                                       1
15                                                       6
16                                                       6
17                                                       6
18                                                       6
19                                                       1
20                                                       6
21                                                       1
22                                                       6
23                                                       1
24                                                       1
25                                                       1
26                                                       6
27                                                       6
28                                                       6
29                                                       6
30                                                       1
31                                                       6
32                                                       1
33                                                       6
34                                                       1
35                                                       1
36                                                       1
   &AtomicCharges [&Type "ArrayOfDoubles", &Dim (37,1)] 
                                                         0

0                                      4.1065956680080706e-01
1                                     -5.8864500307704937e-01
2                                      5.9164313328243168e-01
3                                     -2.9343692247284281e-01
4                                      1.9552093290093886e-02
5                                     -2.4251815729700255e-02
6                                     -2.6443538874261208e-03
7                                      1.8956298497333712e-02
8                                     -2.7255218483126509e-02
9                                      3.0725942011017082e-02
10                                    -9.0183278719113691e-03
11                                     2.3785480159044248e-02
12                                    -2.3809180939457164e-02
13                                    -2.1360135856390405e-02
14                                    -1.9984841997072511e-02
15                                     1.7147123364489758e-02
16                                    -1.9326943532566254e-02
17                                    -3.3742741884070782e-03
18                                     1.7950748317993259e-02
19                                    -3.4542041632314113e-02
20                                     3.2144606131673470e-02
21                                    -6.7312684824640812e-03
22                                     2.4042141517422344e-02
23                                    -2.3106164924294514e-02
24                                    -2.1798558622484032e-02
25                                    -1.9685399791612213e-02
26                                    -2.8145461790654558e-01
27                                     1.8931140731123897e-02
28                                     7.0864509678729704e-03
29                                     4.9854525281030959e-02
30                                     2.9471956971101276e-02
31                                     5.0424056599071676e-02
32                                     2.9733261184790138e-02
33                                     4.6476687365305303e-02
34                                     6.4634222682247167e-04
35                                     7.9379585630234839e-04
36                                     3.9971883999911917e-04
   &Method [&Type "String"] "SCF"
   &Level [&Type "String"] "Relaxed density"
   &Mult [&Type "Integer"] 1
   &State [&Type "Integer"] -1
   &Irrep [&Type "Integer"] 0
$End
$SCF_Loewdin_Population_Analysis
   &GeometryIndex 1
   &NAtoms [&Type "Integer"] 37
   &ATNO [&Type "ArrayOfIntegers", &Dim (37,1)] 
                                                         0

0                                                        6
1                                                        8
2                                                       12
3                                                       35
4                                                        6
5                                                        6
6                                                        6
7                                                        6
8                                                        1
9                                                        6
10                                                       1
11                                                       6
12                                                       1
13                                                       1
14                                                       1
15                                                       6
16                                                       6
17                                                       6
18                                                       6
19                                                       1
20                                                       6
21                                                       1
22                                                       6
23                                                       1
24                                                       1
25                                                       1
26                                                       6
27                                                       6
28                                                       6
29                                                       6
30                                                       1
31                                                       6
32                                                       1
33                                                       6
34                                                       1
35                                                       1
36                                                       1
   &AtomicCharges [&Type "ArrayOfDoubles", &Dim (37,1)] 
                                                         0

0                                      1.0050025820939457e-01
1                                     -2.7437889506921209e-01
2                                     -1.3673634094782550e-01
3                                      9.1851070858254502e-02
4                                     -1.7513649178323654e-02
5                                     -3.1164370875824687e-02
6                                     -1.0039543307423848e-02
7                                     -2.7420736148229707e-02
8                                      2.0255657982200415e-02
9                                     -2.4208341331478422e-02
10                                     3.2388689223472378e-02
11                                    -3.0181421114193085e-02
12                                     2.5197620478121019e-02
13                                     2.5862711809609085e-02
14                                     2.5148226738032409e-02
15                                    -1.7816173114833411e-02
16                                    -2.7921382155672525e-02
17                                    -1.2967241585413625e-02
18                                    -2.7010887261702976e-02
19                                     2.0624702357000424e-02
20                                    -2.4549997611781116e-02
21                                     3.3314765307069671e-02
22                                    -3.0054172470931562e-02
23                                     2.5421890389056845e-02
24                                     2.5805258807494069e-02
25                                     2.5233168021648544e-02
26                                    -8.0673550459176013e-03
27                                     1.2038587150960289e-02
28                                     1.2950079075489285e-02
29                                     8.8144627947031040e-03
30                                     4.9087391227524702e-02
31                                     8.8853991088946316e-03
32                                     5.0561297455910426e-02
33                                    -3.9873830525509746e-03
34                                     3.7205945739800295e-02
35                                     3.7214831282181060e-02
36                                     3.5655876254529151e-02
   &Method [&Type "String"] "SCF"
   &Level [&Type "String"] "Relaxed density"
   &Mult [&Type "Integer"] 1
   &State [&Type "Integer"] -1
   &Irrep [&Type "Integer"] 0
$End
$SCF_Mayer_Population_Analysis
   &GeometryIndex 1
   &NAtoms [&Type "Integer"] 37 "Total number of atoms"
   &NBondOrdersPrint [&Type "Integer"] 40 "The number of bond orders larger than threshold"
   &bondThresh [&Type "Double"]       1.0000000000000001e-01  "The threshold for printing"
   &components [&Type "ArrayOfIntegers", &Dim (40,4)] "The indices and atomic numbers of the bonding atoms"
                                                         0                           1                           2                           3

0                                                        0                           6                           1                           8
1                                                        0                           6                           4                           6
2                                                        0                           6                          15                           6
3                                                        0                           6                          26                           6
4                                                        1                           8                           2                          12
5                                                        2                          12                           3                          35
6                                                        2                          12                          26                           6
7                                                        4                           6                           5                           6
8                                                        4                           6                           6                           6
9                                                        5                           6                           7                           6
10                                                       5                           6                           8                           1
11                                                       6                           6                           9                           6
12                                                       6                           6                          10                           1
13                                                       7                           6                          11                           6
14                                                       7                           6                          12                           1
15                                                       9                           6                          11                           6
16                                                       9                           6                          13                           1
17                                                      11                           6                          14                           1
18                                                      15                           6                          16                           6
19                                                      15                           6                          17                           6
20                                                      16                           6                          18                           6
21                                                      16                           6                          19                           1
22                                                      17                           6                          20                           6
23                                                      17                           6                          21                           1
24                                                      18                           6                          22                           6
25                                                      18                           6                          23                           1
26                                                      20                           6                          22                           6
27                                                      20                           6                          24                           1
28                                                      22                           6                          25                           1
29                                                      26                           6                          27                           6
30                                                      26                           6                          28                           6
31                                                      27                           6                          29                           6
32                                                      27                           6                          30                           1
33                                                      28                           6                          31                           6
34                                                      28                           6                          32                           1
35                                                      29                           6                          33                           6
36                                                      29                           6                          34                           1
37                                                      31                           6                          33                           6
38                                                      31                           6                          35                           1
39                                                      33                           6                          36                           1
   &BondOrders [&Type "ArrayOfDoubles", &Dim (40,1)] "The bond orders"
                                                         0

0                                      1.0597268176013086e+00
1                                      9.0450000602713376e-01
2                                      8.9584921997458389e-01
3                                      8.6866612927111431e-01
4                                      8.1728361141268679e-01
5                                      1.1828669464989754e+00
6                                      1.4860266350410711e-01
7                                      1.3706440685903365e+00
8                                      1.4304998103001085e+00
9                                      1.3827583940289820e+00
10                                     9.8221865759220806e-01
11                                     1.3441240674486370e+00
12                                     9.7927387212435313e-01
13                                     1.3790094549909646e+00
14                                     9.8076910194132427e-01
15                                     1.3787386223480522e+00
16                                     9.8382789192521847e-01
17                                     9.8472734123425631e-01
18                                     1.3627333255068916e+00
19                                     1.4410030788452022e+00
20                                     1.3886169189161970e+00
21                                     9.8417282254952621e-01
22                                     1.3377295328751655e+00
23                                     9.7629954010944886e-01
24                                     1.3725312945674446e+00
25                                     9.8144618660865823e-01
26                                     1.3840810206964926e+00
27                                     9.8379711490236921e-01
28                                     9.8480938261446127e-01
29                                     1.3407867229210619e+00
30                                     1.3276837499180507e+00
31                                     1.3410595092239093e+00
32                                     9.7232634016447361e-01
33                                     1.3465950781587306e+00
34                                     9.7441828677313225e-01
35                                     1.3737442984144375e+00
36                                     9.8346839167785083e-01
37                                     1.3646853372852554e+00
38                                     9.8412009533770695e-01
39                                     9.8647284341807140e-01
   &ATNO [&Type "ArrayOfIntegers", &Dim (37,1)] "Atomic number of the elements"
                                                         0

0                                                        6
1                                                        8
2                                                       12
3                                                       35
4                                                        6
5                                                        6
6                                                        6
7                                                        6
8                                                        1
9                                                        6
10                                                       1
11                                                       6
12                                                       1
13                                                       1
14                                                       1
15                                                       6
16                                                       6
17                                                       6
18                                                       6
19                                                       1
20                                                       6
21                                                       1
22                                                       6
23                                                       1
24                                                       1
25                                                       1
26                                                       6
27                                                       6
28                                                       6
29                                                       6
30                                                       1
31                                                       6
32                                                       1
33                                                       6
34                                                       1
35                                                       1
36                                                       1
   &NA [&Type "ArrayOfDoubles", &Dim (37,1)] "Mulliken gross atomic population"
                                                         0

0                                      5.5893404331991938e+00
1                                      8.5886450030770494e+00
2                                      1.1408356866717563e+01
3                                      3.5293436922472836e+01
4                                      5.9804479067099088e+00
5                                      6.0242518157296967e+00
6                                      6.0026443538874252e+00
7                                      5.9810437015026654e+00
8                                      1.0272552184831267e+00
9                                      5.9692740579889803e+00
10                                     1.0090183278719109e+00
11                                     5.9762145198409549e+00
12                                     1.0238091809394567e+00
13                                     1.0213601358563904e+00
14                                     1.0199848419970725e+00
15                                     5.9828528766355111e+00
16                                     6.0193269435325698e+00
17                                     6.0033742741884089e+00
18                                     5.9820492516820085e+00
19                                     1.0345420416323154e+00
20                                     5.9678553938683248e+00
21                                     1.0067312684824641e+00
22                                     5.9759578584825750e+00
23                                     1.0231061649242943e+00
24                                     1.0217985586224838e+00
25                                     1.0196853997916127e+00
26                                     6.2814546179065438e+00
27                                     5.9810688592688788e+00
28                                     5.9929135490321244e+00
29                                     5.9501454747189699e+00
30                                     9.7052804302889883e-01
31                                     5.9495759434009257e+00
32                                     9.7026673881520997e-01
33                                     5.9535233126346974e+00
34                                     9.9935365777317753e-01
35                                     9.9920620414369776e-01
36                                     9.9960028116000110e-01
   &ZA [&Type "ArrayOfDoubles", &Dim (37,1)] "Total nuclear charge"
                                                         0

0                                      6.0000000000000000e+00
1                                      8.0000000000000000e+00
2                                      1.2000000000000000e+01
3                                      3.5000000000000000e+01
4                                      6.0000000000000000e+00
5                                      6.0000000000000000e+00
6                                      6.0000000000000000e+00
7                                      6.0000000000000000e+00
8                                      1.0000000000000000e+00
9                                      6.0000000000000000e+00
10                                     1.0000000000000000e+00
11                                     6.0000000000000000e+00
12                                     1.0000000000000000e+00
13                                     1.0000000000000000e+00
14                                     1.0000000000000000e+00
15                                     6.0000000000000000e+00
16                                     6.0000000000000000e+00
17                                     6.0000000000000000e+00
18                                     6.0000000000000000e+00
19                                     1.0000000000000000e+00
20                                     6.0000000000000000e+00
21                                     1.0000000000000000e+00
22                                     6.0000000000000000e+00
23                                     1.0000000000000000e+00
24                                     1.0000000000000000e+00
25                                     1.0000000000000000e+00
26                                     6.0000000000000000e+00
27                                     6.0000000000000000e+00
28                                     6.0000000000000000e+00
29                                     6.0000000000000000e+00
30                                     1.0000000000000000e+00
31                                     6.0000000000000000e+00
32                                     1.0000000000000000e+00
33                                     6.0000000000000000e+00
34                                     1.0000000000000000e+00
35                                     1.0000000000000000e+00
36                                     1.0000000000000000e+00
   &QA [&Type "ArrayOfDoubles", &Dim (37,1)] "Mulliken gross atomic charge"
                                                         0

0                                      4.1065956680080618e-01
1                                     -5.8864500307704937e-01
2                                      5.9164313328243701e-01
3                                     -2.9343692247283570e-01
4                                      1.9552093290091221e-02
5                                     -2.4251815729696702e-02
6                                     -2.6443538874252326e-03
7                                      1.8956298497334600e-02
8                                     -2.7255218483126731e-02
9                                      3.0725942011019747e-02
10                                    -9.0183278719109250e-03
11                                     2.3785480159045136e-02
12                                    -2.3809180939456720e-02
13                                    -2.1360135856390405e-02
14                                    -1.9984841997072511e-02
15                                     1.7147123364488870e-02
16                                    -1.9326943532569807e-02
17                                    -3.3742741884088545e-03
18                                     1.7950748317991483e-02
19                                    -3.4542041632315446e-02
20                                     3.2144606131675246e-02
21                                    -6.7312684824640812e-03
22                                     2.4042141517425009e-02
23                                    -2.3106164924294292e-02
24                                    -2.1798558622483810e-02
25                                    -1.9685399791612657e-02
26                                    -2.8145461790654380e-01
27                                     1.8931140731121232e-02
28                                     7.0864509678756349e-03
29                                     4.9854525281030071e-02
30                                     2.9471956971101165e-02
31                                     5.0424056599074341e-02
32                                     2.9733261184790027e-02
33                                     4.6476687365302638e-02
34                                     6.4634222682247167e-04
35                                     7.9379585630223737e-04
36                                     3.9971883999889712e-04
   &VA [&Type "ArrayOfDoubles", &Dim (37,1)] "Mayer's total valence"
                                                         0

0                                      3.5752400598149467e+00
1                                      1.9871170582018900e+00
2                                      2.4350140964426643e+00
3                                      1.1977947849630226e+00
4                                      3.8145758399876564e+00
5                                      3.8331037178693563e+00
6                                      3.8637474979681348e+00
7                                      3.8466541213531218e+00
8                                      9.8703649361451273e-01
9                                      3.7879511774321695e+00
10                                     1.0061630008750071e+00
11                                     3.8171131596020107e+00
12                                     9.7664005025036715e-01
13                                     9.7746961182282488e-01
14                                     9.7706558398114618e-01
15                                     3.8183453855229526e+00
16                                     3.8274279672645983e+00
17                                     3.8672584652499413e+00
18                                     3.8471200669816690e+00
19                                     9.9094324474305318e-01
20                                     3.7872209724753230e+00
21                                     1.0043292908722867e+00
22                                     3.8155580373523907e+00
23                                     9.7657206217118087e-01
24                                     9.7747625399995908e-01
25                                     9.7709136137085895e-01
26                                     3.8247250111704014e+00
27                                     3.7777748555386950e+00
28                                     3.7780519564828032e+00
29                                     3.8088871224959893e+00
30                                     9.9489580882616768e-01
31                                     3.8065132669738744e+00
32                                     9.9502610888877319e-01
33                                     3.8066345390907403e+00
34                                     9.8005268604514473e-01
35                                     9.7985425177369334e-01
36                                     9.8020798400724163e-01
   &BVA [&Type "ArrayOfDoubles", &Dim (37,1)] "Mayer's bonded valence"
                                                         0

0                                      3.5752400598148735e+00
1                                      1.9871170582019015e+00
2                                      2.4350140964426039e+00
3                                      1.1977947849630226e+00
4                                      3.8145758399876097e+00
5                                      3.8331037178693785e+00
6                                      3.8637474979681139e+00
7                                      3.8466541213531649e+00
8                                      9.8703649361451928e-01
9                                      3.7879511774322125e+00
10                                     1.0061630008750087e+00
11                                     3.8171131596020218e+00
12                                     9.7664005025038525e-01
13                                     9.7746961182283465e-01
14                                     9.7706558398115584e-01
15                                     3.8183453855228806e+00
16                                     3.8274279672645708e+00
17                                     3.8672584652499573e+00
18                                     3.8471200669816241e+00
19                                     9.9094324474303175e-01
20                                     3.7872209724753421e+00
21                                     1.0043292908722965e+00
22                                     3.8155580373523756e+00
23                                     9.7657206217118508e-01
24                                     9.7747625399995219e-01
25                                     9.7709136137085506e-01
26                                     3.8247250111703872e+00
27                                     3.7777748555387438e+00
28                                     3.7780519564827735e+00
29                                     3.8088871224959977e+00
30                                     9.9489580882617135e-01
31                                     3.8065132669739077e+00
32                                     9.9502610888876375e-01
33                                     3.8066345390906862e+00
34                                     9.8005268604515150e-01
35                                     9.7985425177370788e-01
36                                     9.8020798400723341e-01
   &FA [&Type "ArrayOfDoubles", &Dim (37,1)] "Mayer's free valence"
                                                         0

0                                      0.0000000000000000e+00
1                                      0.0000000000000000e+00
2                                      0.0000000000000000e+00
3                                      0.0000000000000000e+00
4                                      0.0000000000000000e+00
5                                      0.0000000000000000e+00
6                                      0.0000000000000000e+00
7                                      0.0000000000000000e+00
8                                      0.0000000000000000e+00
9                                      0.0000000000000000e+00
10                                     0.0000000000000000e+00
11                                     0.0000000000000000e+00
12                                     0.0000000000000000e+00
13                                     0.0000000000000000e+00
14                                     0.0000000000000000e+00
15                                     0.0000000000000000e+00
16                                     0.0000000000000000e+00
17                                     0.0000000000000000e+00
18                                     0.0000000000000000e+00
19                                     0.0000000000000000e+00
20                                     0.0000000000000000e+00
21                                     0.0000000000000000e+00
22                                     0.0000000000000000e+00
23                                     0.0000000000000000e+00
24                                     0.0000000000000000e+00
25                                     0.0000000000000000e+00
26                                     0.0000000000000000e+00
27                                     0.0000000000000000e+00
28                                     0.0000000000000000e+00
29                                     0.0000000000000000e+00
30                                     0.0000000000000000e+00
31                                     0.0000000000000000e+00
32                                     0.0000000000000000e+00
33                                     0.0000000000000000e+00
34                                     0.0000000000000000e+00
35                                     0.0000000000000000e+00
36                                     0.0000000000000000e+00
   &Method [&Type "String"] "SCF"
   &Level [&Type "String"] "Relaxed density"
   &Mult [&Type "Integer"] 1
   &State [&Type "Integer"] -1
   &Irrep [&Type "Integer"] 0
$End
$SCF_Energy
   &GeometryIndex 1
   &Method [&Type "String"] "SCF"
   &totalEnergy [&Type "ArrayOfDoubles", &Dim (1,1)] "Total energy of each state"
                                                         0

0                                     -3.5810313926414210e+03
   &Mult [&Type "ArrayOfIntegers", &Dim (1,1)] "Multiplicity of each state"
                                                         0

0                                                        1
$End
$DFT_Energy
   &GeometryIndex 1
   &nAlphaEl [&Type "Integer"] 92
   &nBetaEl [&Type "Integer"] 92
   &nTotalEl [&Type "Integer"] 184
   &finalEn [&Type "Double"]      -3.5810313926414210e+03  "No Van der Waals correction"
   &eExchange [&Type "Double"]      -1.7292453069391078e+02
   &eCorr [&Type "Double"]      -7.9856831645393083e+00
   &eXC [&Type "Double"]      -1.8091021385845008e+02
   &eCNL [&Type "Double"]       0.0000000000000000e+00
$End
$SCF_Timings
   &GeometryIndex 1
   &TOTAL [&Type "Double"]       5.6384374000000001e+01
   &PREP [&Type "Double"]       2.7721200000000001e-01
   &FOCK [&Type "Double"]       5.3237624999999987e+01
   &DENS [&Type "Double"]       1.3977500000000731e-01
   &ETOT [&Type "Double"]       5.5832999999992694e-02
   &POP [&Type "Double"]       4.8732000000001108e-02
   &TRAFO [&Type "Double"]       9.3612000000005580e-02
   &DIIS [&Type "Double"]       4.6465299999999932e-01
   &SOSCF [&Type "Double"]       4.5101299999998901e-01
   &XC [&Type "Double"]       5.4613639999999961e+00
   &FOCKSTART [&Type "Double"]       1.5616999999992831e-02
   &INT_PREP [&Type "Double"]       3.9999999916773277e-06
   &INT_BF [&Type "Double"]       1.8248750000001577e+00
   &INT_DENS [&Type "Double"]       1.4521809999997384e+00
   &INT_DENSIO [&Type "Double"]       2.1994688917400042e+05
   &INT_FUNC [&Type "Double"]       1.8821000000027510e-01
   &INT_POT [&Type "Double"]       1.3026300000000068e+00
   &INT_POTIO [&Type "Double"]       4.8224999999958662e-02
   &INT_SUM [&Type "Double"]       4.4299999999264372e-04
   &SPLITRIJ [&Type "Double"]       5.9380379999999935e+00
   &COSX [&Type "Double"]       4.3319496000000001e+01
$End
$VdW_Correction
   &GeometryIndex 1
   &vdW [&Type "Double"]      -9.8444679308650182e-02
$End
$Single_Point_Data
   &GeometryIndex 1
   &FinalEnergy [&Type "Double"]      -3.5811298373207296e+03  "Final single point energy"
   &Converged [&Type "Boolean"] true
$End
$SCF_Nuc_Gradient
   &GeometryIndex 1
   &NAtoms [&Type "Integer"] 37
   &gradNorm [&Type "Double"]       1.6178415398202118e-03
   &grad [&Type "ArrayOfDoubles", &Dim (111,1)] 
                                                         0

0                                     -1.1703399963146257e-04
1                                     -6.4993199748595031e-05
2                                     -9.4480181467369333e-05
3                                      3.3495444634550222e-04
4                                     -4.0623927075622644e-04
5                                      4.4138330506154999e-05
6                                     -1.1612139898206078e-04
7                                     -1.5031575244624018e-04
8                                     -5.5262026615938672e-04
9                                      1.2018425767500521e-04
10                                     1.4774370376693306e-04
11                                     1.2243642298957929e-03
12                                    -3.4997355115507845e-05
13                                    -8.8533300041925835e-06
14                                    -1.8941589597735184e-06
15                                    -2.7563482984515534e-05
16                                     1.2543670775218632e-05
17                                    -1.3188208136672200e-05
18                                    -8.4058362592883047e-05
19                                     7.5937484074522439e-05
20                                    -5.3618982059838033e-05
21                                    -3.6818787896990231e-05
22                                    -2.1488277488165592e-05
23                                    -5.5542596357433384e-05
24                                     1.8732191429552409e-05
25                                     1.9669471031366300e-05
26                                     7.5093276283918386e-05
27                                    -3.2823314732371425e-05
28                                     2.3460371332068019e-05
29                                     4.3078134097876408e-05
30                                    -8.8396582315751579e-05
31                                    -6.5892616490115805e-06
32                                    -4.2767982698938207e-05
33                                     6.2229440931852489e-05
34                                    -4.9798008854980646e-07
35                                     4.0310817479340133e-05
36                                    -2.0698781166802323e-05
37                                    -3.7799301558594266e-05
38                                     1.9694985818498697e-05
39                                    -2.8629948955778960e-05
40                                    -2.2326556763612701e-05
41                                    -1.1795681947109605e-04
42                                    -4.9115873654485609e-05
43                                    -6.8900443297236288e-05
44                                    -1.9924518197954349e-05
45                                    -6.0250597483810881e-05
46                                    -1.0292511307638698e-04
47                                    -6.6592350930903073e-05
48                                     9.1102343152394327e-05
49                                     9.5892738944946149e-05
50                                     3.2659708882617361e-05
51                                    -5.1915003353739629e-05
52                                    -4.5767786791569664e-05
53                                    -1.4731223870661977e-04
54                                     2.0921748084521004e-05
55                                    -2.4335719625574953e-05
56                                     2.3646879450625358e-05
57                                    -1.8546972579362568e-06
58                                    -6.4232573779950694e-05
59                                    -2.5900065658539240e-05
60                                    -3.3077816153310254e-05
61                                    -2.5394008355780675e-05
62                                    -4.2602143466464331e-06
63                                     5.0493842890411174e-05
64                                     9.9549774419930355e-05
65                                    -8.6098556671596895e-05
66                                    -4.5148452586857594e-05
67                                     5.0768177752701012e-05
68                                     2.8076941584720546e-05
69                                    -5.5545062498572504e-05
70                                    -6.9828197332135681e-05
71                                    -4.5630427360121678e-06
72                                    -5.6000066925883515e-06
73                                    -4.3915748216899952e-06
74                                    -3.0139738666118361e-05
75                                     6.6343182748068372e-06
76                                    -3.1847790764401078e-05
77                                     1.7149241802442484e-05
78                                     1.8670425050873061e-05
79                                     1.7743481766317637e-04
80                                    -1.5424534739199094e-05
81                                    -1.5702629082815756e-04
82                                     9.5473746981206598e-05
83                                    -2.3804744503731117e-05
84                                     2.0732909757775392e-04
85                                     8.5214645534999493e-05
86                                    -9.3607907866265563e-05
87                                    -1.8244186461061529e-04
88                                    -8.3416727650305138e-06
89                                     1.3597412885279136e-04
90                                     1.2602079021356089e-04
91                                     7.7637019122275732e-06
92                                    -8.5333844694635084e-05
93                                     1.4202226574392882e-04
94                                     3.3864889977485574e-05
95                                    -2.8254870016222332e-05
96                                    -4.1390302061113462e-05
97                                     9.8167514822526051e-05
98                                    -3.7754224806035852e-05
99                                     1.9926670763826886e-05
100                                   -3.1632289474979982e-05
101                                    1.0695511244094597e-05
102                                    4.2321246609353222e-05
103                                    7.7118002275487323e-05
104                                   -2.9425869266094459e-05
105                                   -1.2890111763638377e-07
106                                    5.1666334773998361e-05
107                                   -2.4078611188825864e-06
108                                    9.0939386167303692e-06
109                                    4.4431359774181443e-05
110                                   -6.2007914970355006e-05
   &Method [&Type "String"] "SCF"
   &Level [&Type "String"] "Relaxed density"
   &Mult [&Type "Integer"] 1
   &State [&Type "Integer"] 0
   &Irrep [&Type "Integer"] 0
$End
$Calculation_Info
   &GeometryIndex 1
   &Mult [&Type "Integer"] 1
   &Charge [&Type "Integer"] 0
   &NumOfAtoms [&Type "Integer"] 37
   &NumOfElectrons [&Type "Integer"] 184
   &NumOfBasisFuncts [&Type "Integer"] 405
   &NumOfAuxCBasisFuncts [&Type "Integer"] 0
   &NumOfAuxJBasisFuncts [&Type "Integer"] 1259
   &NumOfAuxJKBasisFuncts [&Type "Integer"] 0
   &NumOfCABSBasisFuncts [&Type "Integer"] 0
$End
$SCF_Dipole_Moment
   &GeometryIndex 1
   &dipoleMagnitude [&Type "Double", &Units "a.u."]       1.2577126511530718e+00
   &dipoleElecContrib [&Type "ArrayOfDoubles", &Dim (3,1)] "Electronic contribution"
                                                         0

0                                      2.7644983247948304e+01
1                                      3.2707916756963776e+01
2                                      4.4537108369641658e+01
   &dipoleNucContrib [&Type "ArrayOfDoubles", &Dim (3,1)] "Nuclear contribution"
                                                         0

0                                     -2.8106464337153955e+01
1                                     -3.3866750305371156e+01
2                                     -4.4375921756482825e+01
   &dipoleTotal [&Type "ArrayOfDoubles", &Dim (3,1)] "Total"
                                                         0

0                                     -4.6148108920565178e-01
1                                     -1.1588335484073795e+00
2                                      1.6118661315883287e-01
   &doAtomicDipole [&Type "Boolean"] false
   &Method [&Type "String"] "SCF"
   &Level [&Type "String"] "Relaxed density"
   &Mult [&Type "Integer"] 1
   &State [&Type "Integer"] -1
   &Irrep [&Type "Integer"] 0
$End
$Calculation_Timings
   &GeometryIndex 1
   &GTOINT [&Type "Double"]       3.0535019999999999e+00
   &SCF [&Type "Double"]       5.8273553000000000e+01
   &SCFGRAD [&Type "Double"]       2.3846161000000002e+01
   &PROP [&Type "Double"]       4.6146999999999139e-01
   &SUM [&Type "Double"]       8.5634685999999988e+01
$End
