*************************************************
******************* ORCA 6.1.0 ******************
*************************************************
$Calculation_Status
   &GeometryIndex 1
   &version [&Type "String"] "6.1.0"
   &progName [&Type "String"] "LeanSCF"
   &Status [&Type "String"] "NORMAL TERMINATION"
$End
$Geometry
   &GeometryIndex 1
   &NAtoms [&Type "Integer"] 37
   &NCorelessECP [&Type "Integer"] 0
   &NGhostAtoms [&Type "Integer"] 0
   &CartesianCoordinates [&Type "Coordinates", &Dim(37,4), &Units "Bohr"] 
              C     -0.906622568915    1.867253510737    1.448760430297
              O     -0.445194910712    3.995778667023    2.559503657293
              Mg     3.191605710733    4.111875881787    2.182446601792
              Br     6.522907536190    6.759614631725    3.599264991247
              C      2.974950499205    0.776135089641   -0.254610360928
              C      3.947382780733   -1.607106252237    0.411867700614
              C      3.449439944445    1.646329407872   -2.732974847209
              C      5.369807987628   -3.043708184588   -1.292466850939
              H      3.567067837377   -2.385533579678    2.291372305877
              C      4.891270749009    0.244235764453   -4.444480909440
              H      2.638598144628    3.444420831833   -3.378236953445
              C      5.843084228690   -2.115769504883   -3.723042053019
              H      6.099869664398   -4.894700601942   -0.734457179758
              H      5.248260802694    0.970801447875   -6.345660673459
              H      6.942022336528   -3.239820183314   -5.063993607375
              C     -2.311393954266    1.982294368591   -1.010417666546
              C     -2.260626461678    0.052012822110   -2.837588196256
              C     -3.765262314303    4.151448636757   -1.472419801494
              C     -3.660749120740    0.279543407539   -5.054548756158
              H     -1.049812787260   -1.591514121906   -2.556839143444
              C     -5.178293692586    4.371004577901   -3.693346896550
              H     -3.780502955573    5.646781367625   -0.052987920795
              C     -5.133582772257    2.436646892148   -5.486840616828
              H     -3.582714769766   -1.221681489414   -6.470926839424
              H     -6.314769320348    6.063859043190   -4.020957378032
              H     -6.227724755167    2.609592738199   -7.229929671935
              C     -1.180530813122   -0.424143361580    3.103055033824
              C     -2.694963006025   -2.505894016600    2.457139082345
              C      0.057725464213   -0.451431006954    5.455692260962
              C     -2.902126123182   -4.577912582030    4.080323124529
              H     -3.755705969244   -2.503711382915    0.694810725468
              C     -0.139750916782   -2.518201802910    7.073505701474
              H      1.177924880783    1.180424988458    6.042248135122
              C     -1.613967847829   -4.603667659509    6.383005441317
              H     -4.094040646535   -6.175543747431    3.540825210555
              H      0.849549060218   -2.501171590991    8.885293860454
              H     -1.773135700637   -6.228541116857    7.647612059864
$End
$SCF_Mulliken_Population_Analysis
   &GeometryIndex 1
   &NAtoms [&Type "Integer"] 37
   &ATNO [&Type "ArrayOfIntegers", &Dim (37,1)] 
                                                         0

0                                                        6
1                                                        8
2                                                       12
3                                                       35
4                                                        6
5                                                        6
6                                                        6
7                                                        6
8                                                        1
9                                                        6
10                                                       1
11                                                       6
12                                                       1
13                                                       1
14                                                       1
15                                                       6
16                                                       6
17                                                       6
18                                                       6
19                                                       1
20                                                       6
21                                                       1
22                                                       6
23                                                       1
24                                                       1
25                                                       1
26                                                       6
27                                                       6
28                                                       6
29                                                       6
30                                                       1
31                                                       6
32                                                       1
33                                                       6
34                                                       1
35                                                       1
36                                                       1
   &AtomicCharges [&Type "ArrayOfDoubles", &Dim (37,1)] 
                                                         0

0                                      2.9163854835525349e-01
1                                     -4.5904401087328495e-01
2                                      5.3608838318736041e-01
3                                     -3.1225719100589089e-01
4                                     -4.2229099435236428e-01
5                                      4.1137452359309101e-02
6                                      9.2028722191733969e-02
7                                      3.2075013015944620e-02
8                                     -3.9566953852880893e-03
9                                      2.7702479341883191e-02
10                                     1.1189168971628471e-02
11                                     1.8657709055690752e-02
12                                    -1.9000225204574228e-02
13                                    -1.7809021756002519e-02
14                                    -1.0607209729915912e-02
15                                    -2.9379195581187290e-02
16                                     3.9363100781215188e-02
17                                     1.6279605240981709e-02
18                                     1.9033722692611832e-03
19                                     2.8326548459154388e-03
20                                     2.1553727306803161e-02
21                                     4.5209578609273215e-03
22                                     3.5482610251190039e-02
23                                    -1.3046180883247604e-02
24                                    -1.0877917309806806e-02
25                                    -1.0142716996954348e-02
26                                     1.0550283377158109e-01
27                                    -9.3533413783681851e-03
28                                    -3.0564787016923667e-02
29                                     2.3564779656031654e-02
30                                    -7.7170708595983850e-03
31                                     2.6650072442640393e-02
32                                     2.2337773693997476e-02
33                                     3.2669672534145100e-02
34                                    -1.1643485852899538e-02
35                                    -8.5541211009472207e-03
36                                    -6.9344718461474830e-03
   &Method [&Type "String"] "SCF"
   &Level [&Type "String"] "Relaxed density"
   &Mult [&Type "Integer"] 1
   &State [&Type "Integer"] -1
   &Irrep [&Type "Integer"] 0
$End
$SCF_Loewdin_Population_Analysis
   &GeometryIndex 1
   &NAtoms [&Type "Integer"] 37
   &ATNO [&Type "ArrayOfIntegers", &Dim (37,1)] 
                                                         0

0                                                        6
1                                                        8
2                                                       12
3                                                       35
4                                                        6
5                                                        6
6                                                        6
7                                                        6
8                                                        1
9                                                        6
10                                                       1
11                                                       6
12                                                       1
13                                                       1
14                                                       1
15                                                       6
16                                                       6
17                                                       6
18                                                       6
19                                                       1
20                                                       6
21                                                       1
22                                                       6
23                                                       1
24                                                       1
25                                                       1
26                                                       6
27                                                       6
28                                                       6
29                                                       6
30                                                       1
31                                                       6
32                                                       1
33                                                       6
34                                                       1
35                                                       1
36                                                       1
   &AtomicCharges [&Type "ArrayOfDoubles", &Dim (37,1)] 
                                                         0

0                                      2.0315354900436944e-01
1                                     -1.7822154813891267e-01
2                                     -2.6528406346379718e-01
3                                      7.3751487846422492e-02
4                                     -1.4407864057150377e-01
5                                      7.5413800933974429e-03
6                                      2.0649037100587186e-02
7                                     -2.5110090979756805e-02
8                                      2.9632316908601020e-02
9                                     -2.3014857847074133e-02
10                                     4.1933005115819655e-02
11                                    -1.1390419213674896e-02
12                                     2.6746372799799856e-02
13                                     2.7764076877210497e-02
14                                     2.8599098627967501e-02
15                                    -3.7017323909424249e-02
16                                    -2.7485103801998534e-03
17                                     6.0193481008736782e-03
18                                    -2.6802485653544039e-02
19                                     3.4178188434916712e-02
20                                    -2.4165639753755741e-02
21                                     3.7804480360999482e-02
22                                    -1.2950359676898060e-02
23                                     2.9650210512153663e-02
24                                     3.0402951624429408e-02
25                                     2.9474168473419660e-02
26                                    -2.0716844280732616e-02
27                                    -4.5886757332231909e-03
28                                     1.4362766705383834e-02
29                                    -1.9723509155521235e-02
30                                     3.2424846978627686e-02
31                                    -1.8219511758761797e-02
32                                     5.6651419647521850e-02
33                                    -1.0906546038873088e-02
34                                     3.0794551938977621e-02
35                                     3.2438363060256381e-02
36                                     3.0967406344020509e-02
   &Method [&Type "String"] "SCF"
   &Level [&Type "String"] "Relaxed density"
   &Mult [&Type "Integer"] 1
   &State [&Type "Integer"] -1
   &Irrep [&Type "Integer"] 0
$End
$SCF_Mayer_Population_Analysis
   &GeometryIndex 1
   &NAtoms [&Type "Integer"] 37 "Total number of atoms"
   &NBondOrdersPrint [&Type "Integer"] 40 "The number of bond orders larger than threshold"
   &bondThresh [&Type "Double"]       1.0000000000000001e-01  "The threshold for printing"
   &components [&Type "ArrayOfIntegers", &Dim (40,4)] "The indices and atomic numbers of the bonding atoms"
                                                         0                           1                           2                           3

0                                                        0                           6                           1                           8
1                                                        0                           6                           4                           6
2                                                        0                           6                          15                           6
3                                                        0                           6                          26                           6
4                                                        1                           8                           2                          12
5                                                        2                          12                           3                          35
6                                                        2                          12                           4                           6
7                                                        4                           6                           5                           6
8                                                        4                           6                           6                           6
9                                                        5                           6                           7                           6
10                                                       5                           6                           8                           1
11                                                       6                           6                           9                           6
12                                                       6                           6                          10                           1
13                                                       7                           6                          11                           6
14                                                       7                           6                          12                           1
15                                                       9                           6                          11                           6
16                                                       9                           6                          13                           1
17                                                      11                           6                          14                           1
18                                                      15                           6                          16                           6
19                                                      15                           6                          17                           6
20                                                      16                           6                          18                           6
21                                                      16                           6                          19                           1
22                                                      17                           6                          20                           6
23                                                      17                           6                          21                           1
24                                                      18                           6                          22                           6
25                                                      18                           6                          23                           1
26                                                      20                           6                          22                           6
27                                                      20                           6                          24                           1
28                                                      22                           6                          25                           1
29                                                      26                           6                          27                           6
30                                                      26                           6                          28                           6
31                                                      27                           6                          29                           6
32                                                      27                           6                          30                           1
33                                                      28                           6                          31                           6
34                                                      28                           6                          32                           1
35                                                      29                           6                          33                           6
36                                                      29                           6                          34                           1
37                                                      31                           6                          33                           6
38                                                      31                           6                          35                           1
39                                                      33                           6                          36                           1
   &BondOrders [&Type "ArrayOfDoubles", &Dim (40,1)] "The bond orders"
                                                         0

0                                      1.3664231113849183e+00
1                                      3.1033409772692805e-01
2                                      9.6932711670247862e-01
3                                      9.6483927569824901e-01
4                                      5.8803263133989914e-01
5                                      1.1540344962827003e+00
6                                      4.4249148360408536e-01
7                                      1.3572713851516323e+00
8                                      1.2706237768000579e+00
9                                      1.4016075553578287e+00
10                                     9.6438457835987834e-01
11                                     1.4271556145765354e+00
12                                     9.4451356452444435e-01
13                                     1.3740723230411120e+00
14                                     9.8344746922597315e-01
15                                     1.3715943301231746e+00
16                                     9.8250480664552953e-01
17                                     9.8182456734777523e-01
18                                     1.3382406478562925e+00
19                                     1.4119291972599239e+00
20                                     1.3949494965381100e+00
21                                     9.7927957892954554e-01
22                                     1.3439504445192947e+00
23                                     9.8472547506606178e-01
24                                     1.3575626661122735e+00
25                                     9.8482819170937941e-01
26                                     1.3847637495365859e+00
27                                     9.8512666823518302e-01
28                                     9.8676912223693336e-01
29                                     1.3778030160668295e+00
30                                     1.3436190114233220e+00
31                                     1.3786687969908387e+00
32                                     9.7281740598263200e-01
33                                     1.3954796764972217e+00
34                                     9.6152433434508078e-01
35                                     1.3844292846279043e+00
36                                     9.8056480742033258e-01
37                                     1.3574159968335673e+00
38                                     9.8383328851376817e-01
39                                     9.8594923080059971e-01
   &ATNO [&Type "ArrayOfIntegers", &Dim (37,1)] "Atomic number of the elements"
                                                         0

0                                                        6
1                                                        8
2                                                       12
3                                                       35
4                                                        6
5                                                        6
6                                                        6
7                                                        6
8                                                        1
9                                                        6
10                                                       1
11                                                       6
12                                                       1
13                                                       1
14                                                       1
15                                                       6
16                                                       6
17                                                       6
18                                                       6
19                                                       1
20                                                       6
21                                                       1
22                                                       6
23                                                       1
24                                                       1
25                                                       1
26                                                       6
27                                                       6
28                                                       6
29                                                       6
30                                                       1
31                                                       6
32                                                       1
33                                                       6
34                                                       1
35                                                       1
36                                                       1
   &NA [&Type "ArrayOfDoubles", &Dim (37,1)] "Mulliken gross atomic population"
                                                         0

0                                      5.7083614516447438e+00
1                                      8.4590440108732885e+00
2                                      1.1463911616812641e+01
3                                      3.5312257191005912e+01
4                                      6.4222909943523652e+00
5                                      5.9588625476406891e+00
6                                      5.9079712778082660e+00
7                                      5.9679249869840518e+00
8                                      1.0039566953852879e+00
9                                      5.9722975206581186e+00
10                                     9.8881083102837108e-01
11                                     5.9813422909443101e+00
12                                     1.0190002252045745e+00
13                                     1.0178090217560025e+00
14                                     1.0106072097299159e+00
15                                     6.0293791955811882e+00
16                                     5.9606368992187839e+00
17                                     5.9837203947590130e+00
18                                     5.9980966277307415e+00
19                                     9.9716734515408434e-01
20                                     5.9784462726932013e+00
21                                     9.9547904213907312e-01
22                                     5.9645173897488117e+00
23                                     1.0130461808832469e+00
24                                     1.0108779173098066e+00
25                                     1.0101427169969541e+00
26                                     5.8944971662284180e+00
27                                     6.0093533413783691e+00
28                                     6.0305647870169263e+00
29                                     5.9764352203439675e+00
30                                     1.0077170708595984e+00
31                                     5.9733499275573587e+00
32                                     9.7766222630600286e-01
33                                     5.9673303274658549e+00
34                                     1.0116434858528995e+00
35                                     1.0085541211009474e+00
36                                     1.0069344718461473e+00
   &ZA [&Type "ArrayOfDoubles", &Dim (37,1)] "Total nuclear charge"
                                                         0

0                                      6.0000000000000000e+00
1                                      8.0000000000000000e+00
2                                      1.2000000000000000e+01
3                                      3.5000000000000000e+01
4                                      6.0000000000000000e+00
5                                      6.0000000000000000e+00
6                                      6.0000000000000000e+00
7                                      6.0000000000000000e+00
8                                      1.0000000000000000e+00
9                                      6.0000000000000000e+00
10                                     1.0000000000000000e+00
11                                     6.0000000000000000e+00
12                                     1.0000000000000000e+00
13                                     1.0000000000000000e+00
14                                     1.0000000000000000e+00
15                                     6.0000000000000000e+00
16                                     6.0000000000000000e+00
17                                     6.0000000000000000e+00
18                                     6.0000000000000000e+00
19                                     1.0000000000000000e+00
20                                     6.0000000000000000e+00
21                                     1.0000000000000000e+00
22                                     6.0000000000000000e+00
23                                     1.0000000000000000e+00
24                                     1.0000000000000000e+00
25                                     1.0000000000000000e+00
26                                     6.0000000000000000e+00
27                                     6.0000000000000000e+00
28                                     6.0000000000000000e+00
29                                     6.0000000000000000e+00
30                                     1.0000000000000000e+00
31                                     6.0000000000000000e+00
32                                     1.0000000000000000e+00
33                                     6.0000000000000000e+00
34                                     1.0000000000000000e+00
35                                     1.0000000000000000e+00
36                                     1.0000000000000000e+00
   &QA [&Type "ArrayOfDoubles", &Dim (37,1)] "Mulliken gross atomic charge"
                                                         0

0                                      2.9163854835525616e-01
1                                     -4.5904401087328850e-01
2                                      5.3608838318735863e-01
3                                     -3.1225719100591220e-01
4                                     -4.2229099435236517e-01
5                                      4.1137452359310878e-02
6                                      9.2028722191733969e-02
7                                      3.2075013015948173e-02
8                                     -3.9566953852878672e-03
9                                      2.7702479341881414e-02
10                                     1.1189168971628916e-02
11                                     1.8657709055689864e-02
12                                    -1.9000225204574450e-02
13                                    -1.7809021756002519e-02
14                                    -1.0607209729915912e-02
15                                    -2.9379195581188178e-02
16                                     3.9363100781216076e-02
17                                     1.6279605240987038e-02
18                                     1.9033722692585187e-03
19                                     2.8326548459156609e-03
20                                     2.1553727306798720e-02
21                                     4.5209578609268775e-03
22                                     3.5482610251188262e-02
23                                    -1.3046180883246938e-02
24                                    -1.0877917309806584e-02
25                                    -1.0142716996954126e-02
26                                     1.0550283377158198e-01
27                                    -9.3533413783690733e-03
28                                    -3.0564787016926331e-02
29                                     2.3564779656032542e-02
30                                    -7.7170708595983850e-03
31                                     2.6650072442641282e-02
32                                     2.2337773693997143e-02
33                                     3.2669672534145100e-02
34                                    -1.1643485852899538e-02
35                                    -8.5541211009474427e-03
36                                    -6.9344718461472610e-03
   &VA [&Type "ArrayOfDoubles", &Dim (37,1)] "Mayer's total valence"
                                                         0

0                                      3.7497140887308995e+00
1                                      2.0568806317542245e+00
2                                      2.5256083741043849e+00
3                                      1.1722555679898612e+00
4                                      3.5397574869464608e+00
5                                      3.9050914717896577e+00
6                                      3.8299674435816451e+00
7                                      3.8387156916447855e+00
8                                      9.8290196925104600e-01
9                                      3.8721769419095957e+00
10                                     9.7160815707748194e-01
11                                     3.8289218284975015e+00
12                                     9.7721525812094834e-01
13                                     9.7800578025195406e-01
14                                     9.7753482575935391e-01
15                                     3.8076886290232954e+00
16                                     3.8264918973594848e+00
17                                     3.8658817521918811e+00
18                                     3.8496937567760421e+00
19                                     9.9182360507242540e-01
20                                     3.8047237453776308e+00
21                                     9.9780713780795727e-01
22                                     3.8138514477210066e+00
23                                     9.7843493387034230e-01
24                                     9.7885749726000770e-01
25                                     9.7790357548145679e-01
26                                     3.7667691318432066e+00
27                                     3.8512425621179061e+00
28                                     3.8543931000818819e+00
29                                     3.8378544615660490e+00
30                                     1.0022825719309612e+00
31                                     3.8357950153911164e+00
32                                     9.7032345452259183e-01
33                                     3.8206063640590804e+00
34                                     9.7858816433490015e-01
35                                     9.7868894520366712e-01
36                                     9.7848635336157752e-01
   &BVA [&Type "ArrayOfDoubles", &Dim (37,1)] "Mayer's bonded valence"
                                                         0

0                                      3.7497140887308755e+00
1                                      2.0568806317542041e+00
2                                      2.5256083741044080e+00
3                                      1.1722555679897937e+00
4                                      3.5397574869464634e+00
5                                      3.9050914717896577e+00
6                                      3.8299674435816704e+00
7                                      3.8387156916447336e+00
8                                      9.8290196925104667e-01
9                                      3.8721769419095873e+00
10                                     9.7160815707746573e-01
11                                     3.8289218284974802e+00
12                                     9.7721525812094168e-01
13                                     9.7800578025195783e-01
14                                     9.7753482575934958e-01
15                                     3.8076886290232785e+00
16                                     3.8264918973594684e+00
17                                     3.8658817521919246e+00
18                                     3.8496937567759613e+00
19                                     9.9182360507241563e-01
20                                     3.8047237453776459e+00
21                                     9.9780713780798713e-01
22                                     3.8138514477209657e+00
23                                     9.7843493387032254e-01
24                                     9.7885749726000559e-01
25                                     9.7790357548144813e-01
26                                     3.7667691318432306e+00
27                                     3.8512425621179491e+00
28                                     3.8543931000818659e+00
29                                     3.8378544615660921e+00
30                                     1.0022825719309674e+00
31                                     3.8357950153911671e+00
32                                     9.7032345452259872e-01
33                                     3.8206063640590431e+00
34                                     9.7858816433489826e-01
35                                     9.7868894520366767e-01
36                                     9.7848635336155687e-01
   &FA [&Type "ArrayOfDoubles", &Dim (37,1)] "Mayer's free valence"
                                                         0

0                                      0.0000000000000000e+00
1                                      0.0000000000000000e+00
2                                      0.0000000000000000e+00
3                                      0.0000000000000000e+00
4                                      0.0000000000000000e+00
5                                      0.0000000000000000e+00
6                                      0.0000000000000000e+00
7                                      0.0000000000000000e+00
8                                      0.0000000000000000e+00
9                                      0.0000000000000000e+00
10                                     0.0000000000000000e+00
11                                     0.0000000000000000e+00
12                                     0.0000000000000000e+00
13                                     0.0000000000000000e+00
14                                     0.0000000000000000e+00
15                                     0.0000000000000000e+00
16                                     0.0000000000000000e+00
17                                     0.0000000000000000e+00
18                                     0.0000000000000000e+00
19                                     0.0000000000000000e+00
20                                     0.0000000000000000e+00
21                                     0.0000000000000000e+00
22                                     0.0000000000000000e+00
23                                     0.0000000000000000e+00
24                                     0.0000000000000000e+00
25                                     0.0000000000000000e+00
26                                     0.0000000000000000e+00
27                                     0.0000000000000000e+00
28                                     0.0000000000000000e+00
29                                     0.0000000000000000e+00
30                                     0.0000000000000000e+00
31                                     0.0000000000000000e+00
32                                     0.0000000000000000e+00
33                                     0.0000000000000000e+00
34                                     0.0000000000000000e+00
35                                     0.0000000000000000e+00
36                                     0.0000000000000000e+00
   &Method [&Type "String"] "SCF"
   &Level [&Type "String"] "Relaxed density"
   &Mult [&Type "Integer"] 1
   &State [&Type "Integer"] -1
   &Irrep [&Type "Integer"] 0
$End
$SCF_Energy
   &GeometryIndex 1
   &Method [&Type "String"] "SCF"
   &totalEnergy [&Type "ArrayOfDoubles", &Dim (1,1)] "Total energy of each state"
                                                         0

0                                     -3.5809816929190779e+03
   &Mult [&Type "ArrayOfIntegers", &Dim (1,1)] "Multiplicity of each state"
                                                         0

0                                                        1
$End
$DFT_Energy
   &GeometryIndex 1
   &nAlphaEl [&Type "Integer"] 91
   &nBetaEl [&Type "Integer"] 91
   &nTotalEl [&Type "Integer"] 183
   &finalEn [&Type "Double"]      -3.5809816929190779e+03  "No Van der Waals correction"
   &eExchange [&Type "Double"]      -1.7288691990402538e+02
   &eCorr [&Type "Double"]      -7.9776414070427801e+00
   &eXC [&Type "Double"]      -1.8086456131106814e+02
   &eCNL [&Type "Double"]       0.0000000000000000e+00
$End
$SCF_Timings
   &GeometryIndex 1
   &TOTAL [&Type "Double"]       5.6065038000000001e+01
   &PREP [&Type "Double"]       2.6738800000000001e-01
   &FOCK [&Type "Double"]       5.3303023000000003e+01
   &DENS [&Type "Double"]       1.4406700000002104e-01
   &ETOT [&Type "Double"]       5.7791999999989407e-02
   &POP [&Type "Double"]       5.3111999999998716e-02
   &TRAFO [&Type "Double"]       9.7711999999994248e-02
   &DIIS [&Type "Double"]       4.7938100000000006e-01
   &SOSCF [&Type "Double"]       4.5717799999999009e-01
   &XC [&Type "Double"]       5.6400400000000159e+00
   &FOCKSTART [&Type "Double"]       1.6953999999992975e-02
   &INT_PREP [&Type "Double"]       2.9999999968666202e-06
   &INT_BF [&Type "Double"]       1.8780849999999489e+00
   &INT_DENS [&Type "Double"]       1.4608140000000773e+00
   &INT_DENSIO [&Type "Double"]       2.1802286216000037e+05
   &INT_FUNC [&Type "Double"]       1.9196500000006012e-01
   &INT_POT [&Type "Double"]       1.3392300000004029e+00
   &INT_POTIO [&Type "Double"]       4.9955999999768075e-02
   &INT_SUM [&Type "Double"]       6.3499999998839485e-04
   &SPLITRIJ [&Type "Double"]       6.1203739999999955e+00
   &COSX [&Type "Double"]       4.2597310999999998e+01
$End
$VdW_Correction
   &GeometryIndex 1
   &vdW [&Type "Double"]      -9.8589023340318244e-02
$End
$Single_Point_Data
   &GeometryIndex 1
   &FinalEnergy [&Type "Double"]      -3.5810802819424184e+03  "Final single point energy"
   &Converged [&Type "Boolean"] true
$End
$SCF_Nuc_Gradient
   &GeometryIndex 1
   &NAtoms [&Type "Integer"] 37
   &gradNorm [&Type "Double"]       1.4056532400979682e-03
   &grad [&Type "ArrayOfDoubles", &Dim (111,1)] 
                                                         0

0                                     -8.2510784045820585e-05
1                                      3.0291822672385345e-05
2                                      4.1890705827056192e-05
3                                     -4.1532947335314355e-04
4                                      1.1122591479682277e-04
5                                      3.2497407344343353e-05
6                                     -1.1573515891303340e-04
7                                      9.6161352174845265e-05
8                                      1.1016909760434349e-05
9                                      1.1111383987890753e-03
10                                     3.7755518040286323e-04
11                                    -7.8246384555372486e-05
12                                    -1.2364792880109284e-05
13                                     1.8009093773267400e-07
14                                     2.3904274375903420e-05
15                                     2.7707567844866693e-07
16                                     6.7245568147599995e-05
17                                    -2.6789374346909527e-05
18                                    -1.9436762571822591e-05
19                                    -2.0002509012038739e-05
20                                    -2.6084104817084919e-06
21                                    -4.7569999639965441e-05
22                                    -5.9323675604233163e-05
23                                     1.0953476543815529e-04
24                                     5.8816491574221379e-05
25                                    -1.1776985963834422e-04
26                                     2.7883517058398525e-05
27                                     1.1174596660338079e-05
28                                     5.1061771413753782e-05
29                                     6.6384918508931084e-05
30                                     9.3366060595638208e-05
31                                    -8.6290423573929988e-06
32                                    -2.4811223838619315e-05
33                                    -5.4000126593863496e-05
34                                     4.0289442258817628e-05
35                                     1.3658505416856584e-05
36                                    -5.5504747127649572e-05
37                                     5.1727491460732897e-05
38                                    -4.3463560435945258e-05
39                                    -5.2116997680460707e-05
40                                     3.0056756764399326e-05
41                                     5.1685672228583552e-05
42                                     2.7848991236187825e-05
43                                    -7.0587754051794089e-07
44                                    -4.7991144416804248e-05
45                                     6.0337293525443252e-05
46                                    -1.1811339695923608e-04
47                                     6.8040710354014277e-05
48                                    -1.9610630478692891e-05
49                                     8.6283145064839807e-05
50                                     6.8228486778617995e-05
51                                    -5.3959309682287751e-07
52                                    -7.8842692416333880e-05
53                                    -2.8413627972137480e-05
54                                    -7.9157187234620170e-05
55                                     6.8286245324438366e-06
56                                     9.8867327446116975e-06
57                                     1.3242226051763040e-04
58                                    -6.9167556932334530e-05
59                                    -3.5978047816895829e-05
60                                    -4.0326819929457046e-05
61                                    -5.6669998065361608e-05
62                                     4.2698408745676740e-05
63                                    -7.2959086868709428e-05
64                                     5.6233120226761206e-05
65                                     1.1377429810127981e-04
66                                    -1.7306078850136408e-05
67                                    -1.9196445417529219e-05
68                                    -1.4507359114174082e-05
69                                     2.5375464292694155e-05
70                                    -9.5815696822190623e-05
71                                    -9.1268582459098078e-05
72                                    -3.2554945810730882e-05
73                                    -1.2705562554445933e-05
74                                     2.8582391500469662e-06
75                                     3.4789834658094235e-06
76                                    -4.3061589992648202e-05
77                                    -8.9552939095785848e-06
78                                    -3.8623491348893754e-05
79                                    -1.6822595228718794e-05
80                                    -9.7576703463345235e-05
81                                    -3.1591745989329096e-05
82                                     2.4210403174717014e-05
83                                    -1.4440949729707610e-04
84                                    -8.3653547312683178e-06
85                                     9.4452033005685990e-05
86                                     4.7447704937368944e-05
87                                    -9.9791649981915791e-05
88                                    -7.3424526155984769e-05
89                                    -8.8003225773154042e-05
90                                     4.9079159690409166e-06
91                                    -4.4324781183022015e-05
92                                     3.0082921474944737e-05
93                                     1.9180043495627743e-06
94                                    -2.0906188949850130e-07
95                                     1.0232486424569800e-04
96                                    -1.4310452428048119e-04
97                                    -5.4136169447245946e-05
98                                    -9.3054716234424980e-05
99                                     6.7253530559866279e-05
100                                   -1.2475406319714487e-04
101                                    7.9596036132531241e-05
102                                   -6.3960867211769901e-06
103                                   -1.2526624199906181e-05
104                                   -6.0755692803127438e-05
105                                   -1.2338403516820478e-04
106                                   -3.2328889359107165e-05
107                                   -7.6063250134481182e-05
108                                   -3.0035247685154084e-05
109                                   -6.5272080822640526e-05
110                                    1.9501679265357315e-05
   &Method [&Type "String"] "SCF"
   &Level [&Type "String"] "Relaxed density"
   &Mult [&Type "Integer"] 1
   &State [&Type "Integer"] 0
   &Irrep [&Type "Integer"] 0
$End
$Calculation_Info
   &GeometryIndex 1
   &Mult [&Type "Integer"] 1
   &Charge [&Type "Integer"] 0
   &NumOfAtoms [&Type "Integer"] 37
   &NumOfElectrons [&Type "Integer"] 184
   &NumOfBasisFuncts [&Type "Integer"] 405
   &NumOfAuxCBasisFuncts [&Type "Integer"] 0
   &NumOfAuxJBasisFuncts [&Type "Integer"] 1259
   &NumOfAuxJKBasisFuncts [&Type "Integer"] 0
   &NumOfCABSBasisFuncts [&Type "Integer"] 0
$End
$SCF_Dipole_Moment
   &GeometryIndex 1
   &dipoleMagnitude [&Type "Double", &Units "a.u."]       2.4982580842147990e+00
   &dipoleElecContrib [&Type "ArrayOfDoubles", &Dim (3,1)] "Electronic contribution"
                                                         0

0                                      3.6651574566217207e+01
1                                      4.1503570581267120e+01
2                                      2.2724531696286434e+01
   &dipoleNucContrib [&Type "ArrayOfDoubles", &Dim (3,1)] "Nuclear contribution"
                                                         0

0                                     -3.7982998654388510e+01
1                                     -4.3392594271645223e+01
2                                     -2.3673316629752446e+01
   &dipoleTotal [&Type "ArrayOfDoubles", &Dim (3,1)] "Total"
                                                         0

0                                     -1.3314240881713033e+00
1                                     -1.8890236903781030e+00
2                                     -9.4878493346601189e-01
   &doAtomicDipole [&Type "Boolean"] false
   &Method [&Type "String"] "SCF"
   &Level [&Type "String"] "Relaxed density"
   &Mult [&Type "Integer"] 1
   &State [&Type "Integer"] -1
   &Irrep [&Type "Integer"] 0
$End
$Calculation_Timings
   &GeometryIndex 1
   &GTOINT [&Type "Double"]       3.2565870000000001e+00
   &SCF [&Type "Double"]       5.8083022000000000e+01
   &SCFGRAD [&Type "Double"]       2.4780557999999999e+01
   &PROP [&Type "Double"]       4.7963499999998760e-01
   &SUM [&Type "Double"]       8.6599801999999997e+01
$End
